0.831 37 74;
0.476 176 384;
0.885 115 39;
0.582 64 389;
0.256 136 835;
0.275 174 581;
0.194 91 734;
0.843 161 78;
0.276 40 765;
0.122 137 962;
0.209 95 706;
0.447 47 627;
0.530 60 401;
0.228 83 754;
0.243 59 638;
0.149 67 931;
0.213 132 557;
0.300 77 468;
0.518 136 499;
0.285 127 1037;
0.834 70 148;
0.481 143 244;
0.820 74 44;
0.572 86 271;
0.783 109 54;
0.307 56 424;
0.620 63 229;
0.186 163 513;
0.547 108 505;
0.275 63 570;
0.794 49 21;
0.521 165 458;
0.382 165 662;
0.846 117 34;
0.584 43 216;
0.488 149 384;
0.299 104 894;
0.824 170 44;
0.801 103 128;
0.793 75 48;
0.441 146 324;
0.656 143 196;
0.394 179 419;
0.626 79 271;
0.599 177 396;
0.323 168 531;
0.758 102 84;
0.302 162 728;
0.504 148 281;
0.762 95 166;
0.352 36 390;
0.670 143 132;
0.297 174 813;
0.158 39 913;
0.414 118 421;
0.890 120 84;
0.372 85 786;
0.670 130 383;
0.591 62 237;
0.530 67 709;
0.408 128 555;
0.217 159 743;
0.193 89 951;
0.565 151 355;
0.237 31 952;
0.359 75 427;
0.323 154 870;
0.800 36 84;
0.715 84 253;
0.760 180 134;
0.390 57 936;
0.714 35 225;
0.870 120 104;
0.254 57 675;
0.356 46 370;
0.535 116 334;
0.188 118 541;
0.179 46 579;
0.298 48 709;
0.902 134 17;
0.178 92 1025;
0.309 49 561;
0.186 121 1143;
0.753 76 117;
0.723 124 97;
0.353 149 773;
0.454 178 319;
0.452 122 446;
0.271 67 457;
0.733 157 182;
0.677 130 158;
0.530 44 595;
0.409 38 602;
0.645 117 129;
0.420 112 300;
0.500 147 376;
0.649 117 136;
0.867 59 91;
0.383 132 929;
0.522 101 276;
0.729 48 156;
0.723 55 141;
0.675 80 189;
0.867 112 8;
0.368 171 492;
0.240 74 635;
0.173 41 955;
0.329 63 585;
0.325 134 689;
0.212 68 585;
0.359 172 611;
0.737 178 39;
0.720 153 115;
0.237 91 950;
0.421 49 653;
0.868 159 54;
0.274 153 409;
0.421 171 443;
0.631 50 181;
0.154 145 597;
0.206 54 710;
0.465 43 186;
0.517 44 432;
0.381 77 441;
0.296 117 467;
0.755 109 54;
0.966 79 64;
0.304 134 720;
0.688 134 204;
0.311 121 545;
0.394 40 418;
0.391 149 772;
0.597 84 148;
0.135 111 933;
0.351 82 308;
0.516 138 208;
0.511 61 573;
0.688 69 156;
0.241 169 860;
0.771 32 18;
0.633 180 153;
0.550 48 278;
0.409 59 750;
0.414 104 702;
0.357 83 325;
0.325 119 432;
0.253 52 945;
0.699 30 269;
0.299 47 522;
0.479 47 820;
0.236 45 722;
0.536 140 272;
0.136 142 737;
0.174 45 966;
0.783 63 71;
0.757 172 102;
0.339 84 644;
0.256 43 576;
0.793 126 61;
0.696 175 122;
0.505 118 364;
0.248 90 670;
0.863 89 9;
0.384 159 298;
0.379 120 353;
0.160 134 751;
0.303 153 385;
0.790 96 20;
0.169 62 1188;
0.395 110 776;
0.525 165 554;
0.685 173 296;
0.228 107 841;
0.881 73 18;
0.234 60 794;
0.807 107 76;
0.672 103 213;
0.205 33 613;
0.260 86 495;
0.215 94 603;
0.463 161 695;
0.568 91 231;
0.863 171 125;
0.163 94 1027;
0.478 96 379;
0.524 87 299;
0.166 70 1048;
0.890 64 5;
0.605 149 196;
0.208 110 467;
0.767 80 166;
0.674 120 197;
0.761 86 184;
0.231 132 866;
0.661 158 155;
0.809 169 43;
0.266 80 351;
0.114 88 1037;
0.620 177 322;
0.803 169 98;
0.595 139 288;
0.239 88 666;
0.450 127 271;
0.395 139 508;
0.140 102 908;
0.277 114 590;
0.515 82 325;
0.208 178 862;
0.369 36 617;
0.207 117 652;
0.392 134 372;
0.270 168 466;
0.417 50 258;
0.441 101 511;
0.396 131 483;
0.311 43 876;
0.253 167 434;
0.306 116 400;
0.292 83 715;
0.622 83 333;
0.186 118 762;
0.306 49 565;
0.382 111 523;
0.263 177 862;
0.567 86 262;
0.469 72 361;
0.269 88 708;
0.334 39 696;
0.125 92 858;
0.470 123 396;
0.638 95 126;
0.292 130 578;
0.278 60 618;
0.260 75 699;
0.668 119 209;
0.249 99 667;
0.318 38 424;
0.256 106 755;
0.333 166 976;
0.403 151 334;
0.597 135 224;
0.337 88 435;
0.299 68 884;
0.176 97 723;
0.192 81 845;
0.714 159 175;
0.272 133 602;
0.854 98 12;
0.966 81 42;
0.376 173 871;
0.320 33 553;
0.589 127 229;
0.470 87 538;
0.308 35 444;
0.251 174 603;
0.682 49 273;
0.330 35 551;
0.479 157 320;
0.854 91 37;
0.702 142 158;
0.552 130 513;
0.229 97 666;
0.324 58 508;
0.465 98 438;
0.343 55 935;
0.548 50 327;
0.722 72 142;
0.240 119 937;
0.495 129 216;
0.566 141 224;
0.722 54 196;
0.465 97 284;
0.620 152 177;
0.907 143 16;
0.552 122 419;
0.789 85 105;
0.356 171 496;
0.913 83 38;
0.791 34 6;
0.381 129 787;
0.292 113 485;
0.522 124 322;
0.131 59 1033;
0.466 90 424;
0.278 66 1058;
0.611 128 222;
0.857 160 87;
0.862 169 13;
0.577 83 197;
0.367 175 614;
0.279 134 595;
0.563 66 300;
0.306 78 502;
0.813 138 126;
0.768 140 39;
0.405 108 385;
0.449 100 723;
0.630 124 236;
0.468 116 511;
0.830 34 57;
0.460 56 581;
0.397 52 484;
0.630 67 272;
0.892 91 13;
0.248 134 634;
0.422 120 587;
0.586 151 294;
0.726 68 187;
0.497 47 626;
0.288 123 527;
0.260 118 717;
0.873 54 68;
0.422 110 765;
0.544 92 456;
0.473 60 356;
0.661 81 246;
0.340 133 459;
0.682 90 130;
0.777 98 124;
0.200 70 795;
0.435 54 948;
0.553 130 417;
0.903 127 23;
0.637 86 279;
0.286 56 524;
0.939 114 26;
0.721 83 250;
0.906 144 59;
0.906 138 9;
0.614 115 425;
0.426 148 384;
0.291 39 713;
0.346 106 403;
0.736 67 146;
0.271 70 947;
0.116 90 1056;
0.710 160 131;
0.478 180 300;
0.214 69 766;
0.466 59 508;
0.258 142 528;
0.185 124 931;
0.181 63 1124;
0.837 151 63;
0.518 172 258;
0.429 98 355;
0.633 69 112;
0.656 159 201;
0.391 67 636;
0.412 159 481;
0.636 69 472;
0.299 112 783;
0.378 75 379;
0.605 159 399;
0.712 177 175;
0.484 172 494;
0.319 91 621;
0.249 38 899;
0.467 44 586;
0.365 152 505;
0.260 101 821;
0.665 31 253;
0.562 166 171;
0.205 89 954;
0.797 137 1;
0.285 69 520;
0.354 65 740;
0.189 81 720;
0.502 40 400;
0.233 53 479;
0.709 87 157;
0.356 118 604;
0.468 102 199;
0.732 122 77;
0.342 176 633;
0.235 67 784;
0.864 49 90;
0.289 42 622;
0.250 33 765;
0.812 163 47;
0.710 115 314;
0.343 132 394;
0.277 46 666;
0.630 119 160;
0.427 60 241;
0.204 72 507;
0.208 38 963;
0.533 132 261;
0.791 38 82;
0.349 89 688;
0.344 102 471;
0.573 176 354;
0.874 41 85;
0.649 175 282;
0.395 32 405;
0.645 131 155;
0.650 137 207;
0.139 148 690;
0.549 60 268;
0.249 96 848;
0.805 109 4;
0.263 111 909;
0.669 62 120;
0.303 106 338;
0.218 95 841;
0.652 115 302;
0.239 109 657;
0.323 170 526;
0.573 83 450;
0.192 136 673;
0.554 173 553;
0.363 115 645;
0.569 129 280;
0.161 136 1052;
0.471 85 276;
0.400 116 573;
0.757 81 166;
0.105 90 1011;
0.421 88 587;
0.390 109 495;
0.487 75 519;
0.852 77 25;
0.290 43 873;
0.322 47 337;
0.344 38 355;
0.407 54 854;
0.502 45 474;
0.564 152 236;
0.193 130 678;
0.524 98 253;
0.747 132 133;
0.654 30 173;
0.468 127 360;
0.566 93 294;
0.291 36 807;
0.437 98 584;
0.665 55 126;
0.840 122 66;
0.504 71 274;
0.273 91 686;
0.643 153 276;
0.573 155 157;
0.481 143 252;
0.695 153 263;
0.154 51 816;
0.289 138 710;
0.598 90 333;
0.099 91 1033;
0.423 83 490;
0.185 50 678;
0.268 172 475;
0.501 75 295;
0.752 46 69;
0.499 62 262;
0.131 78 879;
0.220 157 530;
0.213 171 545;
0.391 100 590;
0.237 86 571;
0.392 107 591;
0.648 106 358;
0.111 136 982;
0.530 155 450;
0.833 39 46;
0.468 43 440;
0.715 57 166;
0.832 83 23;
0.675 34 151;
0.828 53 58;
0.826 153 113;
0.354 62 449;
0.531 119 295;
0.570 138 201;
0.328 93 332;
0.465 144 315;
0.661 150 273;
0.813 67 164;
0.173 113 651;
0.427 125 678;
0.361 96 510;
0.655 80 117;
0.330 88 482;
0.765 75 77;
0.152 95 803;
0.262 120 1103;
0.274 134 455;
0.269 128 402;
0.559 103 361;
0.548 87 307;
0.501 150 360;
0.177 148 1079;
0.734 167 106;
0.806 159 175;
0.233 69 581;
0.552 118 395;
0.734 139 78;
0.496 158 199;
0.593 123 388;
0.419 168 356;
0.861 48 142;
0.299 174 586;
0.824 149 80;
0.637 30 146;
0.842 121 24;
0.862 128 25;
0.385 105 446;
0.223 139 663;
0.169 69 1142;
0.417 136 530;
0.403 122 517;
0.259 73 828;
0.493 81 214;
0.166 172 823;
0.662 38 205;
0.196 107 530;
0.475 144 477;
0.768 121 114;
0.257 132 681;
0.484 152 495;
0.903 114 26;
0.377 61 457;
0.153 114 718;
0.141 65 579;
0.550 79 283;
0.333 135 508;
0.138 120 636;
0.315 40 606;
0.356 131 357;
0.445 98 289;
0.460 169 538;
0.611 170 316;
0.481 113 243;
0.161 164 830;
0.529 137 392;
0.529 45 395;
0.136 102 788;
0.325 91 853;
0.191 80 612;
0.186 111 935;
0.598 159 283;
0.207 93 716;
0.340 53 687;
0.849 154 37;
0.465 178 680;
0.274 180 672;
0.815 147 32;
0.098 66 718;
0.300 63 650;
0.467 51 503;
0.461 44 413;
0.412 172 514;
0.695 92 332;
0.697 109 197;
0.200 69 675;
0.214 71 720;
0.217 175 679;
0.575 173 257;
0.182 109 781;
0.481 150 304;
0.150 133 746;
0.890 79 8;
0.845 110 53;
0.159 94 716;
0.512 90 509;
0.878 156 62;
0.414 159 742;
0.266 32 878;
0.679 42 195;
0.310 100 602;
0.800 101 127;
0.733 49 69;
0.346 73 432;
0.136 64 593;
0.533 119 202;
0.609 130 243;
0.641 152 187;
0.754 103 95;
0.389 80 447;
0.388 65 275;
0.142 105 1096;
0.502 110 354;
0.301 136 614;
0.677 46 110;
0.134 70 771;
0.354 148 503;
0.334 48 544;
0.521 35 359;
0.373 66 426;
0.361 61 279;
0.702 74 127;
0.755 38 141;
0.226 87 572;
0.490 100 458;
0.469 118 463;
0.453 179 289;
0.540 115 534;
0.166 59 726;
0.355 156 500;
0.487 108 233;
0.760 39 155;
0.439 128 569;
0.213 108 632;
0.488 138 199;
0.815 87 63;
0.219 115 470;
0.345 110 688;
0.177 64 675;
0.383 121 568;
0.396 75 582;
0.484 71 430;
0.674 124 80;
0.208 140 532;
0.572 156 242;
0.175 43 540;
0.226 69 672;
0.297 57 504;
0.863 149 117;
0.146 161 760;
0.267 129 448;
0.374 168 385;
0.706 60 79;
0.882 84 1;
0.667 32 237;
0.394 40 585;
0.157 112 749;
0.604 88 252;
0.669 134 318;
0.761 54 156;
0.256 37 613;
0.190 68 604;
0.628 161 101;
0.307 52 515;
0.463 51 275;
0.161 59 793;
0.312 150 528;
0.568 138 266;
0.650 176 192;
0.274 101 537;
0.457 63 309;
0.372 97 586;
0.452 56 300;
0.318 100 747;
0.471 164 524;
0.218 105 574;
0.359 87 1002;
0.732 144 196;
0.535 121 291;
0.483 55 273;
0.449 42 601;
0.330 88 1117;
0.305 101 732;
0.149 65 664;
0.790 115 33;
0.278 123 962;
0.655 115 161;
0.398 154 494;
0.239 62 794;
0.913 55 63;
0.556 90 290;
0.382 73 520;
0.407 133 373;
0.612 44 168;
0.388 178 285;
0.300 87 420;
0.616 34 222;
0.787 121 39;
0.683 133 115;
0.259 57 453;
0.468 114 353;
0.208 157 599;
0.391 137 546;
0.634 49 209;
0.693 34 251;
0.355 35 627;
0.619 170 292;
0.260 49 527;
0.287 112 435;
0.416 172 299;
0.751 171 106;
0.239 130 830;
0.229 53 687;
0.245 45 809;
0.887 84 4;
0.189 147 756;
0.195 35 801;
0.770 83 92;
0.367 50 284;
0.332 136 800;
0.920 116 3;
0.450 90 591;
0.356 131 742;
0.561 155 237;
0.788 135 48;
0.277 76 799;
0.123 35 755;
0.356 78 546;
0.505 161 226;
0.180 91 597;
0.836 120 61;
0.571 122 214;
0.405 151 770;
0.434 100 389;
0.884 56 33;
0.267 163 635;
0.133 46 890;
0.550 155 310;
0.576 149 143;
0.538 157 234;
0.936 51 36;
0.448 169 328;
0.839 116 66;
0.414 121 313;
0.184 166 635;
0.310 155 581;
0.422 104 686;
0.642 32 527;
0.236 119 776;
0.174 33 877;
0.458 163 371;
0.822 79 63;
0.183 100 927;
0.567 113 150;
0.820 165 7;
0.408 142 800;
0.497 103 380;
0.679 77 222;
0.502 105 367;
0.333 134 732;
0.715 69 95;
0.471 176 257;
0.515 156 471;
0.866 116 132;
0.308 150 334;
0.299 91 333;
0.488 60 600;
0.398 54 861;
0.436 34 415;
0.752 56 92;
0.426 93 551;
0.187 37 788;
0.147 81 945;
0.732 109 37;
0.286 65 887;
0.573 90 192;
0.614 176 358;
0.839 83 41;
0.494 66 239;
0.337 79 529;
0.827 52 66;
0.696 83 85;
0.545 131 262;
0.845 84 77;
0.516 55 316;
0.828 74 40;
0.706 150 69;
0.243 134 756;
0.413 40 286;
0.370 138 458;
0.601 137 378;
0.780 116 147;
0.524 137 288;
0.506 87 296;
0.203 126 821;
0.490 32 424;
0.779 95 88;
0.598 49 121;
0.423 99 452;
0.420 138 300;
0.397 112 497;
0.353 168 809;
0.736 35 114;
0.698 146 87;
0.139 145 839;
0.676 50 292;
0.473 90 293;
0.409 33 231;
0.388 129 769;
0.768 83 142;
0.452 112 764;
0.319 142 481;
0.661 33 157;
0.523 59 236;
0.521 59 270;
0.835 175 74;
0.445 81 644;
0.791 126 32;
0.663 170 217;
0.146 141 836;
0.182 32 1151;
0.934 166 41;
0.594 39 245;
0.685 131 160;
0.524 39 324;
0.484 89 283;
0.317 111 673;
0.590 144 481;
0.755 116 124;
0.413 107 314;
0.298 110 584;
0.782 44 43;
0.357 101 503;
0.466 40 175;
0.189 40 657;
0.507 64 491;
0.491 42 275;
0.489 170 655;
0.300 151 377;
0.272 55 650;
0.701 132 112;
0.526 55 253;
0.154 99 813;
0.741 54 53;
0.705 48 222;
0.910 126 91;
0.314 49 517;
0.770 91 18;
0.622 84 279;
0.210 151 655;
0.392 103 931;
0.210 58 529;
0.758 84 162;
0.455 101 247;
0.309 99 567;
0.211 65 534;
0.284 58 595;
0.650 158 98;
0.603 154 363;
0.716 114 96;
0.715 117 89;
0.928 39 11;
0.683 66 192;
0.388 95 465;
0.655 59 173;
0.449 161 756;
0.637 107 244;
0.303 84 474;
0.482 30 235;
0.590 86 209;
0.426 141 264;
0.846 120 71;
0.425 171 424;
0.272 121 764;
0.185 176 821;
0.222 176 714;
0.834 99 5;
0.193 37 790;
0.395 164 440;
0.606 56 309;
0.241 144 637;
0.281 55 700;
0.357 128 278;
0.145 96 578;
0.800 139 88;
0.468 44 353;
0.517 163 218;
0.284 158 442;
0.332 126 804;
0.419 98 487;
0.287 172 569;
0.580 178 168;
0.230 93 863;
0.434 50 520;
0.176 172 687;
0.244 146 776;
0.812 58 104;
0.230 140 618;
0.543 164 356;
0.891 129 26;
0.609 172 346;
0.652 57 106;
0.339 115 523;
0.449 135 425;
0.198 42 1101;
0.254 61 496;
0.468 114 415;
0.464 114 689;
0.556 151 240;
0.486 111 432;
0.286 119 343;
0.464 50 282;
0.176 134 786;
0.238 131 609;
0.403 111 423;
0.187 39 892;
0.173 84 955;
0.218 30 689;
0.204 99 462;
0.570 69 224;
0.471 54 329;
0.441 65 717;
0.772 89 51;
0.767 180 27;
0.632 170 212;
0.369 73 517;
0.423 97 281;
0.555 177 279;
0.373 118 781;
0.478 39 327;
0.326 135 444;
0.268 146 516;
0.718 143 129;
0.424 54 357;
0.246 88 578;
0.141 122 826;
0.371 95 379;
0.779 168 124;
0.337 143 587;
0.260 76 813;
0.385 48 441;
0.719 77 197;
0.344 155 658;
0.593 104 157;
0.680 167 192;
0.405 106 530;
0.140 68 565;
0.419 30 499;
0.588 102 321;
0.861 125 66;
0.335 83 492;
0.306 106 628;
0.201 161 673;
0.329 122 356;
0.322 96 624;
0.772 101 118;
0.215 87 526;
0.311 140 469;
0.606 179 195;
0.705 74 316;
0.376 112 546;
0.135 104 717;
0.550 107 461;
0.544 177 525;
0.461 122 496;
0.564 151 277;
0.604 125 379;
0.422 158 313;
0.698 39 316;
0.185 75 1185;
0.154 140 888;
0.406 82 531;
0.787 89 144;
0.300 38 764;
0.526 173 396;
0.537 137 451;
0.799 34 43;
0.409 87 427;
0.713 173 93;
0.693 82 165;
0.493 79 291;
0.181 120 896;
0.492 91 471;
0.326 162 324;
0.762 96 91;
0.347 172 542;
0.573 73 268;
0.494 113 451;
1.000 84 8;
0.395 79 713;
0.523 161 450;
0.689 41 138;
0.658 158 149;
0.406 132 773;
0.332 162 714;
0.286 56 536;
0.307 76 514;
0.806 133 80;
0.129 55 876;
0.890 137 57;
0.546 178 357;
0.840 153 131;
0.420 173 522;
0.411 48 795;
0.576 125 286;
0.261 34 827;
0.457 57 437;
0.703 128 246;
0.650 72 278;
0.485 70 254;
0.301 31 1120;
0.399 73 725;
0.750 72 50;
0.453 178 252;
0.561 99 165;
0.445 169 676;
0.336 156 386;
0.708 44 138;
0.830 30 0;
0.467 58 477;
0.399 64 450;
0.552 165 202;
0.423 137 402;
0.194 69 1062;
0.203 94 504;
0.664 131 78;
0.623 136 283;
0.527 154 522;
0.180 110 653;
0.797 166 69;
0.666 33 296;
0.905 151 50;