0.89 7 0 0.2 62 7 0.2 9 69 0.01 321 78 0 28 399;
0.95 1 0 0.3 44 1 0.3 15 45 0.06 301 60 0 11 361;
0.93 3 0 0.26 64 3 0.4 11 67 0.03 148 78;
0.92 6 0 0.31 27 6 0.31 5 33 0.05 212 38 0 40 250;
0.98 6 0 0.2 81 6 0.34 13 87 0.02 384 100;
0.88 7 0 0.19 69 7 0.3 8 76 0.04 294 84;
0.85 8 0 0.19 43 8 0.19 10 51 0.02 199 61 0 13 260;
0.96 4 0 0.18 54 4 0.18 11 58 0.05 141 69 0 19 210;
0.88 8 0 0.28 81 8 0.42 12 89 0.03 313 101 0 37 414;
0.93 2 0 0.34 29 2 0.46 25 31 0.02 248 56;
0.86 7 0 0.33 83 7 0.38 20 90 0.05 267 110 0 37 377;
0.9 3 0 0.34 65 3 0.47 24 68 0.05 295 92 0 11 387;
0.94 2 0 0.3 60 2 0.37 18 62 0.06 375 80;
0.89 3 0 0.31 45 3 0.41 23 48 0.04 355 71 0 22 426;
0.97 2 0 0.29 74 2 0.4 30 76 0.04 169 106 0 39 275;
0.99 3 0 0.23 45 3 0.28 26 48 0.04 226 74 0 22 300;
0.97 5 0 0.26 65 5 0.43 16 70 0.04 320 86 0 22 406;
0.97 5 0 0.21 62 5 0.41 26 67 0.04 159 93;
0.94 5 0 0.34 27 5 0.45 27 32 0.03 155 59 0 22 214;
0.99 1 0 0.21 43 1 0.31 30 44 0.02 385 74 0 15 459;
0.92 7 0 0.22 61 7 0.22 15 68 0.02 184 83 0 32 267;
0.87 5 0 0.21 40 5 0.41 11 45 0.02 312 56 0 36 368;
0.88 4 0 0.24 45 4 0.39 20 49 0.03 350 69 0 30 419;
0.87 7 0 0.24 69 7 0.37 28 76 0.02 277 104 0 14 381;
0.85 8 0 0.24 60 8 0.24 13 68 0.02 374 81 0 15 455;
0.95 3 0 0.25 89 3 0.37 17 92 0.04 309 109 0 30 418;
0.91 3 0 0.25 40 3 0.36 23 43 0.03 408 66 0 27 474;
0.99 4 0 0.31 71 4 0.36 14 75 0.03 142 89 0 20 231;
0.94 1 0 0.28 65 1 0.28 11 66 0.01 363 77 0 30 440;
0.91 3 0 0.2 53 3 0.28 26 56 0.05 273 82 0 39 355;
0.9 3 0 0.28 64 3 0.45 12 67 0.03 258 79;
0.89 3 0 0.29 32 3 0.29 12 35 0.06 382 47 0 36 429;
0.92 1 0 0.23 45 1 0.23 8 46 0.01 385 54 0 10 439;
0.93 5 0 0.31 69 5 0.37 13 74 0.01 149 87 0 21 236;
0.86 6 0 0.22 64 6 0.31 30 70 0.03 328 100 0 36 428;
0.88 2 0 0.24 69 2 0.35 11 71 0.04 377 82 0 14 459;
0.93 7 0 0.24 30 7 0.28 16 37 0.05 360 53 0 24 413;
0.85 6 0 0.33 46 6 0.49 11 52 0.01 313 63 0 38 376;
0.9 7 0 0.35 68 7 0.5 15 75 0.05 211 90 0 28 301;
0.96 4 0 0.29 79 4 0.45 14 83 0.05 327 97 0 38 424;
0.89 4 0 0.27 47 4 0.43 10 51 0.04 338 61 0 14 399;
0.92 8 0 0.23 41 8 0.4 19 49 0.06 280 68 0 21 348;
0.87 3 0 0.2 28 3 0.2 7 31 0.05 182 38;
0.86 1 0 0.23 45 1 0.33 30 46 0.04 281 76 0 26 357;
0.97 8 0 0.28 80 8 0.45 12 88 0.03 303 100 0 24 403;
0.92 6 0 0.34 78 6 0.34 12 84 0.04 406 96 0 28 502;
0.97 6 0 0.24 28 6 0.3 28 34 0.05 378 62;
0.97 1 0 0.21 39 1 0.25 24 40 0.04 180 64 0 32 244;
0.94 3 0 0.2 65 3 0.3 21 68 0.03 202 89 0 29 291;
0.98 5 0 0.22 80 5 0.38 22 85 0.05 232 107 0 25 339;
0.98 7 0 0.21 38 7 0.21 5 45 0.01 251 50 0 20 301;
0.93 1 0 0.2 74 1 0.4 11 75 0.05 299 86 0 22 385;
0.9 3 0 0.24 84 3 0.42 28 87 0.01 355 115 0 35 470;
0.93 5 0 0.32 86 5 0.32 13 91 0.05 328 104 0 30 432;
0.96 1 0 0.31 45 1 0.4 21 46 0.05 315 67 0 35 382;
0.86 2 0 0.33 59 2 0.33 9 61 0.05 154 70 0 17 224;
0.93 4 0 0.35 36 4 0.43 17 40 0.01 213 57 0 18 270;
0.97 3 0 0.28 74 3 0.35 23 77 0.04 196 100 0 29 296;
0.98 3 0 0.25 70 3 0.29 16 73 0.01 260 89 0 33 349;
0.98 1 0 0.26 47 1 0.35 15 48 0.03 263 63 0 39 326;
0.94 5 0 0.19 35 5 0.19 7 40 0.05 294 47 0 14 341;
0.93 7 0 0.35 34 7 0.42 21 41 0.05 327 62 0 28 389;
0.97 7 0 0.26 78 7 0.41 12 85 0.03 410 97 0 40 507;
0.88 1 0 0.31 73 1 0.48 24 74 0.01 262 98 0 31 360;
0.95 3 0 0.21 75 3 0.34 28 78 0.05 147 106 0 40 253;
0.92 7 0 0.34 30 7 0.51 26 37 0.04 360 63 0 12 423;
0.95 6 0 0.18 65 6 0.32 18 71 0.01 283 89 0 16 372;
0.97 6 0 0.23 41 6 0.3 25 47 0.03 389 72 0 32 461;
0.91 4 0 0.2 56 4 0.2 5 60 0.02 349 65 0 10 414;
0.85 2 0 0.2 63 2 0.38 8 65 0.02 283 73 0 29 356;
0.86 7 0 0.25 42 7 0.31 23 49 0.01 322 72 0 26 394;
0.91 3 0 0.22 85 3 0.32 15 88 0.03 180 103 0 14 283;
0.9 7 0 0.27 47 7 0.35 20 54 0.03 381 74 0 17 455;
0.95 4 0 0.31 32 4 0.48 27 36 0.06 294 63 0 28 357;
0.87 4 0 0.18 57 4 0.25 14 61 0.03 247 75 0 35 322;
0.94 6 0 0.21 39 6 0.4 19 45 0.03 275 64 0 36 339;
0.86 3 0 0.27 39 3 0.35 12 42 0.03 195 54 0 31 249;
0.86 8 0 0.31 75 8 0.46 15 83 0.01 274 98 0 29 372;
0.92 1 0 0.27 68 1 0.32 16 69 0.03 290 85 0 30 375;
0.98 7 0 0.3 32 7 0.36 29 39 0.04 197 68 0 11 265;
0.91 4 0 0.26 28 4 0.26 15 32 0.03 202 47 0 36 249;
0.99 6 0 0.2 87 6 0.28 14 93 0.06 313 107;
0.88 2 0 0.24 88 2 0.3 24 90 0.03 368 114;
0.99 8 0 0.33 39 8 0.5 13 47 0.02 317 60 0 17 377;
0.88 6 0 0.2 67 6 0.23 11 73 0.06 308 84;
0.85 8 0 0.26 78 8 0.46 10 86 0.03 309 96 0 18 405;
0.89 4 0 0.26 25 4 0.29 29 29 0.04 291 58;
0.94 7 0 0.34 90 7 0.34 11 97 0.02 158 108 0 17 266;
0.88 3 0 0.19 64 3 0.19 9 67 0.06 163 76;
0.85 7 0 0.25 42 7 0.38 27 49 0.04 355 76 0 19 431;
0.89 4 0 0.3 67 4 0.41 30 71 0.04 291 101 0 10 392;
0.93 1 0 0.26 88 1 0.48 25 89 0.05 172 114 0 13 286;
0.98 2 0 0.28 79 2 0.33 18 81 0.01 267 99 0 30 366;
0.99 3 0 0.28 88 3 0.42 25 91 0.01 380 116 0 26 496;
0.87 7 0 0.32 65 7 0.51 9 72 0.03 262 81 0 35 343;
1.0 3 0 0.26 63 3 0.48 19 66 0.06 394 85 0 22 479;
0.97 1 0 0.22 29 1 0.28 10 30 0.03 207 40 0 19 247;
0.98 8 0 0.27 43 8 0.44 16 51 0.04 350 67 0 17 417;
0.92 3 0 0.29 62 3 0.4 20 65 0.02 169 85;
0.98 8 0 0.31 80 8 0.51 8 88 0.02 270 96 0 25 366;
0.89 5 0 0.24 76 5 0.33 21 81 0.04 320 102 0 14 422;
1.0 1 0 0.31 55 1 0.47 14 56 0.05 247 70;
1.0 7 0 0.25 53 7 0.3 21 60 0.02 351 81 0 11 432;
0.92 7 0 0.28 28 7 0.38 16 35 0.04 315 51 0 39 366;
1.0 8 0 0.33 59 8 0.33 15 67 0.06 302 82 0 32 384;
0.99 7 0 0.28 49 7 0.28 8 56 0.03 373 64;
1.0 1 0 0.34 51 1 0.52 20 52 0.03 328 72 0 33 400;
0.94 7 0 0.29 49 7 0.48 29 56 0.03 273 85 0 27 358;
1.0 8 0 0.34 32 8 0.54 11 40 0.04 282 51 0 29 333;
0.96 8 0 0.19 53 8 0.28 10 61 0.02 177 71 0 31 248;
0.94 4 0 0.21 28 4 0.34 29 32 0.05 300 61 0 12 361;
0.96 8 0 0.21 51 8 0.21 8 59 0.05 263 67;
0.95 3 0 0.31 26 3 0.31 7 29 0.05 179 36 0 16 215;
0.93 3 0 0.34 74 3 0.34 7 77 0.04 419 84 0 39 503;
0.95 2 0 0.27 67 2 0.45 27 69 0.06 322 96 0 11 418;
0.89 4 0 0.33 43 4 0.51 18 47 0.01 412 65 0 35 477;
0.89 1 0 0.3 26 1 0.47 22 27 0.02 355 49 0 16 404;
0.91 4 0 0.33 78 4 0.38 10 82 0.05 348 92 0 14 440;
0.91 6 0 0.22 41 6 0.44 23 47 0.03 342 70 0 40 412;
0.88 4 0 0.31 58 4 0.31 15 62 0.04 274 77 0 16 351;
0.9 2 0 0.27 87 2 0.27 9 89 0.03 180 98 0 31 278;
0.94 2 0 0.24 34 2 0.24 10 36 0.02 407 46 0 31 453;
0.95 8 0 0.26 29 8 0.43 8 37 0.04 354 45 0 25 399;
0.88 7 0 0.33 75 7 0.38 8 82 0.01 223 90;
0.96 6 0 0.33 53 6 0.48 11 59 0.03 215 70 0 40 285;
0.88 7 0 0.28 30 7 0.48 26 37 0.01 158 63 0 11 221;
0.86 7 0 0.25 62 7 0.46 15 69 0.04 387 84 0 14 471;
0.89 4 0 0.32 63 4 0.45 29 67 0.05 308 96 0 19 404;
0.99 4 0 0.27 58 4 0.45 10 62 0.05 346 72 0 37 418;
0.91 3 0 0.32 84 3 0.42 13 87 0.06 147 100 0 12 247;
0.85 4 0 0.3 42 4 0.3 5 46 0.05 186 51 0 29 237;
0.98 8 0 0.3 67 8 0.46 27 75 0.02 264 102;
0.98 1 0 0.27 63 1 0.46 8 64 0.04 311 72 0 22 383;
0.96 4 0 0.35 58 4 0.35 13 62 0.01 372 75 0 36 447;
0.87 8 0 0.24 42 8 0.39 19 50 0.04 372 69 0 39 441;
0.95 1 0 0.27 82 1 0.42 27 83 0.05 198 110 0 36 308;
0.97 7 0 0.27 34 7 0.39 20 41 0.03 221 61 0 39 282;
0.92 3 0 0.19 60 3 0.36 13 63 0.03 381 76 0 32 457;
0.87 4 0 0.26 31 4 0.42 27 35 0.04 328 62 0 11 390;
0.88 8 0 0.22 51 8 0.29 26 59 0.04 407 85 0 28 492;
0.92 3 0 0.34 82 3 0.37 16 85 0.02 347 101 0 37 448;
0.87 7 0 0.26 72 7 0.38 26 79 0.02 140 105 0 20 245;
0.94 5 0 0.28 89 5 0.48 10 94 0.05 388 104 0 40 492;
0.92 1 0 0.34 50 1 0.47 22 51 0.05 420 73 0 15 493;
0.89 2 0 0.21 68 2 0.4 28 70 0.04 158 98 0 40 256;
0.87 8 0 0.29 37 8 0.29 10 45 0.04 252 55 0 22 307;
0.9 1 0 0.24 36 1 0.37 22 37 0.05 413 59 0 14 472;
0.96 5 0 0.33 28 5 0.44 24 33 0.05 174 57 0 29 231;
0.97 8 0 0.2 40 8 0.2 9 48 0.04 173 57 0 18 230;
0.94 6 0 0.24 31 6 0.43 21 37 0.04 241 58 0 10 299;
0.96 4 0 0.26 73 4 0.39 20 77 0.04 396 97 0 17 493;
0.97 1 0 0.19 76 1 0.23 15 77 0.02 223 92 0 35 315;
0.92 8 0 0.22 59 8 0.41 14 67 0.04 300 81;
0.89 6 0 0.28 77 6 0.28 8 83 0.02 358 91 0 17 449;
0.94 7 0 0.23 42 7 0.44 17 49 0.02 312 66 0 25 378;
0.92 2 0 0.21 42 2 0.25 15 44 0.06 403 59 0 36 462;
0.92 6 0 0.34 85 6 0.48 10 91 0.05 359 101 0 38 460;
0.94 5 0 0.19 85 5 0.3 16 90 0.02 261 106 0 31 367;
0.93 3 0 0.18 29 3 0.4 15 32 0.01 271 47 0 23 318;
0.89 7 0 0.24 40 7 0.45 10 47 0.01 341 57 0 32 398;
0.96 5 0 0.25 47 5 0.39 15 52 0.04 314 67 0 34 381;
0.93 7 0 0.23 27 7 0.27 10 34 0.04 143 44 0 35 187;
0.92 5 0 0.33 31 5 0.33 5 36 0.02 300 41 0 17 341;
0.89 8 0 0.21 79 8 0.4 13 87 0.01 380 100 0 35 480;
0.92 5 0 0.29 81 5 0.47 23 86 0.04 352 109 0 39 461;
0.85 5 0 0.33 42 5 0.33 15 47 0.05 381 62 0 35 443;
0.94 6 0 0.28 77 6 0.41 10 83 0.02 298 93 0 40 391;
0.98 4 0 0.29 77 4 0.39 29 81 0.03 355 110 0 10 465;
0.93 1 0 0.32 79 1 0.36 23 80 0.03 244 103 0 23 347;
0.96 7 0 0.29 68 7 0.47 13 75 0.02 285 88 0 37 373;
0.96 5 0 0.33 84 5 0.44 28 89 0.03 294 117 0 17 411;
0.96 2 0 0.28 39 2 0.38 22 41 0.06 190 63 0 35 253;
0.92 3 0 0.29 46 3 0.5 28 49 0.03 295 77 0 35 372;
0.97 7 0 0.29 51 7 0.45 16 58 0.03 207 74 0 30 281;
0.91 4 0 0.22 36 4 0.4 15 40 0.06 158 55 0 29 213;
0.86 1 0 0.21 66 1 0.3 27 67 0.04 411 94;
0.95 1 0 0.25 42 1 0.35 29 43 0.03 178 72 0 36 250;
0.93 7 0 0.19 82 7 0.37 17 89 0.06 385 106 0 22 491;
0.98 3 0 0.33 55 3 0.44 16 58 0.03 336 74 0 40 410;
0.99 1 0 0.24 84 1 0.24 10 85 0.02 239 95 0 37 334;
0.97 1 0 0.21 33 1 0.21 5 34 0.05 409 39 0 40 448;
0.96 4 0 0.22 26 4 0.34 24 30 0.06 236 54 0 17 290;
0.97 6 0 0.34 66 6 0.48 17 72 0.06 297 89 0 26 386;
0.94 5 0 0.27 74 5 0.48 17 79 0.03 166 96 0 18 262;
0.91 3 0 0.2 44 3 0.29 27 47 0.03 357 74 0 15 431;
0.98 3 0 0.28 63 3 0.35 23 66 0.04 249 89 0 10 338;
0.96 3 0 0.2 75 3 0.38 24 78 0.01 155 102 0 24 257;
0.87 1 0 0.23 45 1 0.35 25 46 0.03 252 71;
0.93 1 0 0.25 79 1 0.4 14 80 0.03 329 94 0 36 423;
0.86 8 0 0.25 62 8 0.31 11 70 0.06 352 81 0 12 433;
1.0 2 0 0.2 75 2 0.2 12 77 0.02 323 89 0 33 412;
0.88 2 0 0.22 56 2 0.41 9 58 0.04 159 67 0 34 226;
0.94 6 0 0.33 70 6 0.46 22 76 0.04 240 98 0 13 338;
0.9 4 0 0.2 33 4 0.29 9 37 0.05 394 46 0 29 440;
0.85 4 0 0.22 28 4 0.37 21 32 0.05 177 53 0 38 230;
0.95 5 0 0.18 43 5 0.37 25 48 0.06 232 73 0 10 305;
0.87 4 0 0.19 75 4 0.19 15 79 0.02 185 94 0 15 279;
0.94 6 0 0.22 56 6 0.22 8 62 0.02 299 70 0 20 369;
0.97 2 0 0.27 59 2 0.47 21 61 0.03 175 82 0 17 257;
0.99 6 0 0.33 60 6 0.42 12 66 0.05 217 78 0 17 295;
0.95 8 0 0.25 84 8 0.25 6 92 0.06 313 98 0 37 411;
0.97 8 0 0.33 77 8 0.33 7 85 0.04 279 92 0 28 371;
0.9 2 0 0.22 72 2 0.28 9 74 0.02 356 83 0 26 439;
0.97 8 0 0.29 77 8 0.29 9 85 0.02 328 94 0 37 422;
0.96 1 0 0.34 85 1 0.34 11 86 0.06 244 97 0 20 341;
0.92 2 0 0.3 62 2 0.5 27 64 0.05 396 91 0 11 487;
0.89 3 0 0.25 79 3 0.42 8 82 0.02 284 90 0 25 374;
0.97 4 0 0.26 77 4 0.26 5 81 0.03 400 86 0 32 486;
0.85 2 0 0.25 27 2 0.31 24 29 0.04 370 53 0 32 423;
0.89 7 0 0.27 79 7 0.31 22 86 0.06 169 108 0 40 277;
0.95 5 0 0.31 70 5 0.31 14 75 0.04 357 89 0 12 446;
0.94 7 0 0.34 46 7 0.37 28 53 0.05 271 81 0 35 352;
0.88 6 0 0.25 59 6 0.33 15 65 0.02 265 80 0 21 345;
0.98 4 0 0.29 50 4 0.47 27 54 0.04 303 81 0 11 384;
0.9 4 0 0.22 86 4 0.42 16 90 0.01 319 106;
0.97 1 0 0.31 83 1 0.47 30 84 0.02 148 114 0 21 262;
0.9 6 0 0.19 40 6 0.37 27 46 0.04 344 73 0 40 417;
0.99 3 0 0.19 38 3 0.19 12 41 0.04 309 53 0 15 362;
0.86 7 0 0.3 27 7 0.34 20 34 0.06 325 54 0 29 379;
0.92 8 0 0.27 53 8 0.35 27 61 0.01 354 88 0 23 442;
0.94 6 0 0.18 82 6 0.21 10 88 0.01 360 98;
0.97 6 0 0.2 79 6 0.32 24 85 0.05 298 109 0 40 407;
0.87 4 0 0.32 81 4 0.47 9 85 0.03 170 94 0 22 264;
0.86 3 0 0.29 53 3 0.29 12 56 0.02 154 68 0 20 222;
0.86 1 0 0.23 29 1 0.39 19 30 0.06 332 49 0 36 381;
0.98 6 0 0.29 63 6 0.38 26 69 0.04 231 95 0 14 326;
0.87 5 0 0.2 52 5 0.4 29 57 0.04 283 86 0 40 369;
0.86 7 0 0.26 54 7 0.3 13 61 0.02 249 74 0 23 323;
0.92 8 0 0.22 39 8 0.22 15 47 0.03 177 62 0 28 239;
0.9 1 0 0.18 37 1 0.36 18 38 0.06 368 56 0 29 424;
0.98 6 0 0.2 61 6 0.27 14 67 0.03 151 81 0 20 232;
0.92 4 0 0.3 70 4 0.4 13 74 0.04 272 87 0 10 359;
0.91 2 0 0.22 74 2 0.3 11 76 0.02 228 87 0 16 315;
0.87 7 0 0.25 80 7 0.28 15 87 0.02 398 102;
0.98 7 0 0.33 48 7 0.46 21 55 0.01 411 76 0 27 487;
0.93 5 0 0.34 55 5 0.4 13 60 0.05 152 73 0 38 225;
0.88 8 0 0.33 86 8 0.38 14 94 0.03 238 108;
0.94 8 0 0.3 52 8 0.47 24 60 0.03 203 84 0 15 287;
0.97 2 0 0.18 52 2 0.28 26 54 0.04 419 80 0 23 499;
0.96 5 0 0.3 40 5 0.3 13 45 0.06 217 58 0 30 275;
0.92 8 0 0.26 41 8 0.3 26 49 0.04 237 75;
0.88 7 0 0.23 62 7 0.35 23 69 0.03 174 92 0 14 266;
0.86 6 0 0.33 27 6 0.47 12 33 0.02 413 45 0 26 458;
0.9 1 0 0.26 76 1 0.26 8 77 0.05 158 85 0 18 243;
0.86 5 0 0.27 69 5 0.27 5 74 0.05 157 79 0 33 236;
0.98 3 0 0.19 77 3 0.19 15 80 0.01 356 95 0 27 451;
0.95 4 0 0.26 70 4 0.3 22 74 0.05 205 96 0 26 301;
0.97 2 0 0.23 41 2 0.4 11 43 0.06 173 54 0 28 227;
0.87 5 0 0.2 37 5 0.27 10 42 0.05 300 52 0 19 352;
0.92 3 0 0.27 83 3 0.27 13 86 0.04 250 99 0 25 349;
0.97 2 0 0.26 50 2 0.45 17 52 0.02 323 69 0 10 392;
0.96 5 0 0.24 61 5 0.3 17 66 0.01 226 83 0 20 309;
0.9 1 0 0.22 35 1 0.41 25 36 0.06 368 61 0 22 429;
0.91 3 0 0.34 60 3 0.47 14 63 0.02 415 77 0 14 492;
0.88 1 0 0.2 41 1 0.31 12 42 0.04 307 54 0 17 361;
0.95 3 0 0.21 34 3 0.3 13 37 0.05 269 50 0 13 319;
1.0 3 0 0.2 28 3 0.39 25 31 0.04 316 56 0 13 372;
0.92 8 0 0.21 36 8 0.35 24 44 0.03 417 68 0 29 485;
0.86 8 0 0.18 69 8 0.28 12 77 0.04 218 89 0 34 307;
0.99 3 0 0.25 65 3 0.25 14 68 0.05 338 82 0 11 420;
0.94 4 0 0.25 25 4 0.47 27 29 0.04 147 56 0 39 203;
0.9 5 0 0.25 80 5 0.37 14 85 0.04 378 99 0 14 477;
0.86 3 0 0.26 25 3 0.26 11 28 0.04 337 39 0 29 376;
0.96 7 0 0.25 59 7 0.38 10 66 0.05 407 76 0 26 483;
0.96 7 0 0.19 40 7 0.3 12 47 0.04 294 59 0 33 353;
0.95 2 0 0.24 67 2 0.38 21 69 0.06 305 90 0 37 395;
0.95 6 0 0.29 32 6 0.34 30 38 0.03 272 68;
0.99 6 0 0.2 56 6 0.2 6 62 0.05 380 68 0 16 448;
0.99 8 0 0.33 82 8 0.51 10 90 0.03 401 100 0 23 501;
0.97 2 0 0.19 42 2 0.23 30 44 0.02 273 74 0 27 347;
0.87 4 0 0.29 45 4 0.29 15 49 0.01 259 64 0 35 323;
0.96 7 0 0.23 65 7 0.28 22 72 0.02 392 94 0 37 486;
0.86 2 0 0.24 52 2 0.36 22 54 0.03 228 76 0 37 304;
0.93 4 0 0.26 63 4 0.35 9 67 0.05 336 76 0 18 412;
0.89 5 0 0.22 62 5 0.42 19 67 0.02 388 86 0 25 474;
0.93 5 0 0.18 72 5 0.22 10 77 0.03 143 87 0 22 230;
0.94 2 0 0.29 61 2 0.29 9 63 0.05 389 72 0 26 461;
0.88 8 0 0.32 84 8 0.51 15 92 0.04 160 107 0 25 267;
0.98 2 0 0.2 73 2 0.38 18 75 0.05 177 93 0 26 270;
0.92 1 0 0.29 83 1 0.29 10 84 0.03 183 94 0 33 277;
0.86 2 0 0.19 89 2 0.34 28 91 0.04 355 119 0 23 474;
0.97 1 0 0.31 86 1 0.38 13 87 0.05 315 100 0 40 415;
0.98 6 0 0.29 46 6 0.29 14 52 0.02 260 66 0 21 326;
0.89 5 0 0.31 34 5 0.36 23 39 0.05 361 62 0 10 423;
0.95 3 0 0.19 65 3 0.19 12 68 0.03 221 80 0 33 301;
0.9 1 0 0.33 60 1 0.4 8 61 0.05 372 69 0 20 441;
0.89 1 0 0.29 76 1 0.32 14 77 0.04 299 91;
0.93 6 0 0.19 48 6 0.39 30 54 0.03 320 84 0 23 404;
0.85 5 0 0.21 45 5 0.37 22 50 0.06 359 72 0 23 431;
0.92 5 0 0.24 54 5 0.44 24 59 0.02 321 83 0 28 404;
0.86 4 0 0.32 86 4 0.47 25 90 0.05 309 115 0 30 424;
0.95 7 0 0.2 62 7 0.2 8 69 0.05 398 77 0 36 475;
0.85 7 0 0.3 67 7 0.34 30 74 0.03 398 104 0 29 502;
0.96 5 0 0.32 70 5 0.32 8 75 0.05 312 83;
0.9 2 0 0.23 41 2 0.39 25 43 0.05 221 68 0 34 289;
0.96 8 0 0.25 34 8 0.4 21 42 0.01 405 63 0 33 468;
0.95 4 0 0.34 57 4 0.45 8 61 0.04 315 69 0 18 384;
0.94 8 0 0.27 83 8 0.42 18 91 0.02 255 109 0 29 364;
0.98 1 0 0.25 90 1 0.45 19 91 0.04 312 110 0 13 422;
1.0 7 0 0.19 64 7 0.26 18 71 0.06 207 89 0 21 296;
0.96 2 0 0.26 56 2 0.39 15 58 0.05 382 73 0 38 455;
0.93 8 0 0.24 71 8 0.24 9 79 0.04 300 88 0 26 388;
0.93 1 0 0.33 81 1 0.39 15 82 0.03 351 97 0 30 448;
0.95 3 0 0.26 57 3 0.32 28 60 0.05 235 88 0 29 323;
0.98 8 0 0.29 34 8 0.29 14 42 0.03 390 56 0 31 446;
0.96 8 0 0.29 65 8 0.34 24 73 0.03 282 97 0 23 379;
0.9 2 0 0.23 81 2 0.41 18 83 0.01 160 101 0 21 261;
0.95 7 0 0.23 86 7 0.42 12 93 0.03 199 105 0 22 304;
0.95 8 0 0.35 60 8 0.51 20 68 0.02 231 88 0 32 319;
0.96 3 0 0.27 55 3 0.32 12 58 0.03 356 70 0 34 426;
0.94 6 0 0.34 35 6 0.38 10 41 0.03 271 51 0 18 322;
0.97 4 0 0.29 41 4 0.49 13 45 0.01 392 58 0 30 450;
0.87 1 0 0.29 26 1 0.49 24 27 0.05 350 51 0 10 401;
0.94 4 0 0.2 33 4 0.27 15 37 0.04 171 52 0 12 223;
0.89 4 0 0.35 78 4 0.38 21 82 0.04 211 103 0 26 314;
0.9 8 0 0.22 30 8 0.28 9 38 0.06 336 47 0 12 383;
0.99 4 0 0.24 33 4 0.3 29 37 0.02 214 66 0 25 280;
0.85 7 0 0.31 39 7 0.46 13 46 0.05 385 59 0 32 444;
0.91 1 0 0.21 45 1 0.31 15 46 0.02 418 61 0 23 479;
0.99 4 0 0.23 40 4 0.45 10 44 0.02 222 54 0 28 276;
0.98 3 0 0.24 45 3 0.29 18 48 0.04 363 66 0 12 429;
1.0 4 0 0.25 69 4 0.32 14 73 0.02 230 87 0 19 317;
0.96 8 0 0.21 90 8 0.42 19 98 0.04 365 117 0 17 482;
0.9 4 0 0.34 27 4 0.54 21 31 0.02 252 52 0 13 304;
0.91 1 0 0.26 89 1 0.38 23 90 0.04 366 113 0 30 479;
0.85 3 0 0.3 59 3 0.3 7 62 0.03 165 69 0 18 234;
0.95 2 0 0.3 54 2 0.3 12 56 0.04 159 68 0 10 227;
0.99 1 0 0.21 47 1 0.21 11 48 0.05 153 59 0 10 212;
0.86 2 0 0.33 66 2 0.41 25 68 0.05 259 93 0 30 352;
0.91 4 0 0.33 44 4 0.4 30 48 0.03 298 78 0 29 376;
0.87 2 0 0.19 66 2 0.37 21 68 0.06 355 89 0 16 444;
0.96 1 0 0.33 67 1 0.49 15 68 0.04 300 83;
0.91 7 0 0.23 56 7 0.4 17 63 0.02 179 80 0 13 259;
0.99 8 0 0.31 79 8 0.31 13 87 0.03 415 100;
0.91 4 0 0.2 60 4 0.27 18 64 0.02 240 82 0 11 322;
0.87 4 0 0.28 33 4 0.28 14 37 0.04 359 51 0 26 410;
0.95 6 0 0.2 85 6 0.36 16 91 0.04 213 107 0 31 320;
0.89 5 0 0.33 36 5 0.45 25 41 0.02 257 66 0 35 323;
0.85 4 0 0.27 74 4 0.45 26 78 0.02 371 104 0 27 475;
0.91 2 0 0.3 81 2 0.42 14 83 0.05 363 97 0 40 460;
0.9 7 0 0.18 62 7 0.18 8 69 0.05 303 77 0 35 380;
0.98 5 0 0.23 68 5 0.39 30 73 0.05 419 103 0 27 522;
0.91 4 0 0.3 87 4 0.48 10 91 0.06 277 101 0 24 378;
0.98 8 0 0.28 58 8 0.28 5 66 0.05 165 71 0 25 236;
0.95 1 0 0.35 55 1 0.51 23 56 0.04 318 79 0 30 397;
0.95 1 0 0.29 55 1 0.46 30 56 0.04 386 86 0 11 472;
0.95 1 0 0.32 82 1 0.32 11 83 0.03 406 94 0 32 500;
0.91 3 0 0.34 65 3 0.55 25 68 0.04 299 93 0 22 392;
0.92 5 0 0.3 34 5 0.35 16 39 0.01 146 55 0 32 201;
0.88 8 0 0.31 60 8 0.44 21 68 0.02 293 89;
0.98 6 0 0.32 25 6 0.32 10 31 0.01 172 41 0 21 213;
0.88 6 0 0.31 49 6 0.37 16 55 0.02 301 71 0 23 372;
0.93 7 0 0.32 85 7 0.5 8 92 0.02 246 100 0 22 346;
0.87 2 0 0.22 26 2 0.33 18 28 0.04 338 46 0 35 384;
0.87 2 0 0.24 51 2 0.24 13 53 0.04 181 66 0 21 247;
0.86 3 0 0.21 78 3 0.37 20 81 0.03 296 101 0 35 397;
0.97 7 0 0.23 33 7 0.36 26 40 0.04 252 66;
0.96 2 0 0.22 26 2 0.38 14 28 0.02 400 42 0 23 442;
0.9 4 0 0.33 64 4 0.55 18 68 0.03 239 86 0 13 325;
0.92 2 0 0.21 38 2 0.26 13 40 0.04 254 53 0 28 307;
0.98 5 0 0.19 29 5 0.19 7 34 0.01 299 41 0 36 340;
0.96 2 0 0.3 85 2 0.42 18 87 0.01 207 105 0 39 312;
0.89 5 0 0.33 85 5 0.42 23 90 0.02 316 113;
0.96 5 0 0.18 66 5 0.35 19 71 0.06 222 90 0 17 312;
1.0 6 0 0.26 85 6 0.42 22 91 0.02 215 113 0 30 328;
0.89 6 0 0.31 68 6 0.5 28 74 0.01 228 102 0 22 330;
0.93 5 0 0.35 53 5 0.35 9 58 0.05 288 67 0 18 355;
0.93 8 0 0.22 83 8 0.39 9 91 0.05 351 100 0 22 451;
0.88 8 0 0.25 76 8 0.28 29 84 0.05 380 113 0 21 493;
0.98 7 0 0.25 35 7 0.36 30 42 0.02 325 72 0 34 397;
0.97 2 0 0.25 82 2 0.35 20 84 0.05 363 104 0 34 467;
0.89 8 0 0.25 57 8 0.39 16 65 0.05 221 81 0 21 302;
0.97 8 0 0.23 69 8 0.43 27 77 0.05 360 104 0 17 464;
0.89 1 0 0.23 54 1 0.23 15 55 0.02 196 70 0 32 266;
0.93 7 0 0.22 82 7 0.42 11 89 0.04 202 100 0 15 302;
0.96 1 0 0.26 88 1 0.39 30 89 0.03 140 119 0 25 259;
0.94 3 0 0.3 58 3 0.49 11 61 0.03 373 72 0 22 445;
0.99 5 0 0.21 43 5 0.21 13 48 0.02 142 61 0 10 203;
0.96 8 0 0.27 49 8 0.45 30 57 0.01 411 87 0 24 498;
0.98 4 0 0.19 87 4 0.22 8 91 0.06 261 99 0 29 360;
0.86 8 0 0.31 65 8 0.31 14 73 0.02 201 87 0 32 288;
0.92 6 0 0.25 82 6 0.32 29 88 0.06 360 117 0 14 477;
0.89 7 0 0.34 33 7 0.5 12 40 0.05 267 52 0 32 319;
0.98 1 0 0.22 44 1 0.39 28 45 0.02 226 73 0 31 299;
0.88 2 0 0.3 57 2 0.5 29 59 0.05 140 88 0 36 228;
0.86 3 0 0.2 38 3 0.38 15 41 0.04 148 56 0 21 204;
0.89 1 0 0.25 63 1 0.35 23 64 0.04 353 87 0 32 440;
0.88 8 0 0.3 32 8 0.39 27 40 0.04 346 67 0 15 413;
0.97 3 0 0.23 79 3 0.23 8 82 0.06 285 90 0 34 375;
0.9 4 0 0.25 40 4 0.38 23 44 0.06 226 67 0 37 293;
0.97 1 0 0.34 87 1 0.34 12 88 0.03 358 100 0 38 458;
0.9 8 0 0.19 80 8 0.35 27 88 0.05 350 115 0 36 465;
0.93 1 0 0.28 30 1 0.44 28 31 0.03 193 59 0 13 252;
0.88 2 0 0.3 65 2 0.48 21 67 0.05 399 88 0 20 487;
0.95 2 0 0.26 25 2 0.26 14 27 0.03 242 41 0 33 283;
0.87 1 0 0.3 27 1 0.3 15 28 0.02 161 43 0 28 204;
0.9 5 0 0.35 31 5 0.43 21 36 0.05 249 57;
0.97 8 0 0.19 87 8 0.39 13 95 0.04 150 108 0 24 258;
0.95 4 0 0.28 63 4 0.4 27 67 0.03 171 94 0 23 265;
0.99 4 0 0.26 86 4 0.31 13 90 0.06 393 103 0 25 496;
0.96 4 0 0.33 80 4 0.5 22 84 0.06 174 106 0 19 280;
0.87 1 0 0.34 77 1 0.34 13 78 0.01 153 91 0 19 244;
0.86 7 0 0.26 54 7 0.26 9 61 0.01 149 70 0 26 219;
0.93 7 0 0.21 38 7 0.26 10 45 0.02 269 55 0 37 324;
0.88 8 0 0.23 85 8 0.3 10 93 0.04 409 103 0 36 512;
0.99 1 0 0.22 28 1 0.22 9 29 0.01 277 38;
0.97 6 0 0.29 64 6 0.41 25 70 0.03 144 95 0 17 239;
1.0 8 0 0.2 84 8 0.42 25 92 0.06 362 117 0 32 479;
0.88 1 0 0.22 80 1 0.32 12 81 0.03 301 93 0 14 394;
0.85 4 0 0.21 76 4 0.25 21 80 0.03 337 101 0 31 438;
0.97 3 0 0.25 60 3 0.35 20 63 0.01 301 83 0 20 384;
0.89 5 0 0.3 67 5 0.3 12 72 0.02 159 84;
0.98 8 0 0.34 58 8 0.34 7 66 0.04 245 73;
0.9 1 0 0.3 26 1 0.41 22 27 0.01 202 49 0 11 251;
0.95 7 0 0.33 30 7 0.42 28 37 0.02 312 65 0 17 377;
0.95 4 0 0.27 83 4 0.49 22 87 0.02 267 109 0 28 376;
0.87 3 0 0.32 70 3 0.43 25 73 0.01 370 98 0 23 468;
0.87 7 0 0.24 44 7 0.41 28 51 0.02 235 79;
0.92 5 0 0.25 72 5 0.25 11 77 0.02 141 88 0 12 229;
0.87 4 0 0.26 28 4 0.26 11 32 0.05 182 43 0 39 225;
0.95 8 0 0.31 82 8 0.31 11 90 0.04 266 101 0 36 367;
0.94 1 0 0.26 80 1 0.47 16 81 0.03 203 97 0 19 300;
0.95 4 0 0.33 54 4 0.51 10 58 0.05 185 68 0 24 253;
0.92 1 0 0.24 28 1 0.35 8 29 0.02 227 37 0 22 264;
0.91 5 0 0.24 61 5 0.24 9 66 0.04 382 75 0 10 457;
0.97 7 0 0.24 75 7 0.28 15 82 0.04 259 97 0 37 356;
0.9 4 0 0.21 44 4 0.4 26 48 0.02 164 74 0 18 238;
0.86 6 0 0.35 74 6 0.49 27 80 0.04 187 107 0 19 294;
0.93 5 0 0.2 79 5 0.37 26 84 0.02 233 110;
0.87 5 0 0.21 59 5 0.3 24 64 0.06 373 88 0 13 461;
0.99 3 0 0.25 59 3 0.3 8 62 0.06 199 70 0 33 269;
0.9 5 0 0.25 28 5 0.4 27 33 0.06 386 60;
0.98 7 0 0.26 34 7 0.33 16 41 0.01 269 57 0 36 326;
0.87 5 0 0.25 25 5 0.32 30 30 0.02 277 60 0 28 337;
0.95 5 0 0.29 30 5 0.42 10 35 0.06 393 45 0 10 438;
0.99 6 0 0.24 27 6 0.29 17 33 0.06 226 50 0 10 276;
0.96 2 0 0.23 43 2 0.45 20 45 0.03 281 65 0 14 346;
0.94 4 0 0.35 78 4 0.35 13 82 0.03 377 95 0 18 472;
0.99 8 0 0.22 56 8 0.39 8 64 0.04 145 72 0 25 217;
0.95 2 0 0.33 78 2 0.48 8 80 0.03 372 88 0 29 460;
0.85 3 0 0.26 51 3 0.31 11 54 0.01 301 65 0 17 366;
0.86 7 0 0.22 36 7 0.37 8 43 0.03 227 51 0 16 278;
0.86 7 0 0.2 51 7 0.37 18 58 0.04 391 76 0 19 467;
0.91 1 0 0.28 60 1 0.28 10 61 0.03 290 71 0 10 361;
0.86 3 0 0.25 55 3 0.3 8 58 0.03 266 66 0 18 332;
0.85 6 0 0.22 60 6 0.3 21 66 0.03 298 87 0 15 385;
0.92 8 0 0.29 78 8 0.44 8 86 0.02 313 94 0 16 407;
0.95 1 0 0.33 49 1 0.44 24 50 0.03 210 74 0 30 284;
0.98 3 0 0.34 65 3 0.38 14 68 0.05 172 82 0 23 254;
0.98 5 0 0.34 33 5 0.47 11 38 0.03 413 49 0 27 462;
0.95 4 0 0.18 37 4 0.28 8 41 0.03 302 49 0 31 351;
0.97 6 0 0.29 74 6 0.29 5 80 0.01 318 85;
0.86 1 0 0.28 64 1 0.35 18 65 0.03 185 83 0 38 268;
0.94 2 0 0.29 69 2 0.49 14 71 0.03 376 85 0 40 461;
0.89 8 0 0.3 72 8 0.3 6 80 0.02 285 86;
0.96 7 0 0.19 51 7 0.33 22 58 0.02 183 80 0 33 263;
0.85 7 0 0.19 56 7 0.36 18 63 0.01 211 81 0 16 292;
0.91 3 0 0.24 44 3 0.32 21 47 0.05 337 68 0 39 405;
0.99 4 0 0.32 65 4 0.37 30 69 0.03 320 99 0 26 419;
0.97 4 0 0.26 45 4 0.36 30 49 0.03 331 79;
0.9 5 0 0.2 54 5 0.34 22 59 0.03 260 81 0 10 341;
0.92 1 0 0.29 52 1 0.48 8 53 0.04 351 61 0 13 412;
0.9 8 0 0.19 79 8 0.26 18 87 0.03 195 105 0 14 300;
0.93 3 0 0.31 60 3 0.51 23 63 0.01 157 86 0 29 243;
0.93 2 0 0.28 42 2 0.34 24 44 0.06 230 68;
0.95 5 0 0.28 86 5 0.39 24 91 0.04 168 115 0 24 283;
0.93 7 0 0.33 42 7 0.4 28 49 0.02 189 77 0 10 266;
0.9 2 0 0.19 59 2 0.35 17 61 0.03 301 78 0 36 379;
0.96 7 0 0.2 70 7 0.2 14 77 0.04 343 91 0 27 434;
0.99 1 0 0.31 84 1 0.31 10 85 0.01 375 95 0 10 470;
0.87 1 0 0.2 25 1 0.27 28 26 0.04 412 54 0 27 466;
0.98 1 0 0.26 66 1 0.33 26 67 0.01 195 93 0 12 288;
0.89 7 0 0.19 42 7 0.22 21 49 0.01 394 70 0 32 464;
0.87 5 0 0.34 59 5 0.41 27 64 0.05 408 91;
0.99 5 0 0.34 62 5 0.49 23 67 0.04 228 90 0 38 318;
0.88 3 0 0.32 67 3 0.4 25 70 0.05 307 95 0 26 402;
0.86 6 0 0.33 79 6 0.44 11 85 0.02 407 96 0 16 503;
0.94 3 0 0.33 71 3 0.38 24 74 0.04 213 98 0 26 311;
0.94 8 0 0.24 72 8 0.24 15 80 0.03 152 95 0 31 247;
0.95 4 0 0.28 56 4 0.28 5 60 0.05 267 65 0 38 332;
0.94 8 0 0.21 48 8 0.3 17 56 0.04 159 73 0 24 232;
0.94 5 0 0.28 34 5 0.45 14 39 0.04 335 53 0 30 388;
0.97 2 0 0.33 31 2 0.55 17 33 0.05 153 50 0 26 203;
0.96 4 0 0.29 66 4 0.29 10 70 0.04 156 80 0 39 236;
0.87 7 0 0.22 30 7 0.31 25 37 0.04 363 62;
0.89 7 0 0.31 74 7 0.38 17 81 0.04 290 98 0 21 388;
0.99 2 0 0.25 48 2 0.25 5 50 0.06 224 55 0 16 279;
0.86 1 0 0.29 51 1 0.33 12 52 0.06 163 64 0 21 227;
0.9 7 0 0.2 39 7 0.3 18 46 0.05 149 64 0 34 213;
0.98 8 0 0.35 68 8 0.51 12 76 0.06 286 88 0 32 374;
0.93 3 0 0.23 42 3 0.35 21 45 0.01 261 66 0 15 327;
0.89 8 0 0.24 79 8 0.36 9 87 0.02 324 96 0 29 420;
0.99 7 0 0.32 56 7 0.35 29 63 0.03 214 92 0 35 306;
0.96 3 0 0.2 65 3 0.25 14 68 0.02 191 82;
0.99 7 0 0.28 80 7 0.34 19 87 0.02 203 106 0 33 309;
0.89 2 0 0.23 39 2 0.23 14 41 0.03 270 55 0 23 325;
0.93 3 0 0.34 65 3 0.34 10 68 0.03 175 78 0 29 253;
0.85 1 0 0.33 51 1 0.53 23 52 0.05 367 75 0 22 442;
0.92 6 0 0.29 71 6 0.33 16 77 0.02 380 93 0 24 473;
0.96 7 0 0.21 59 7 0.38 9 66 0.03 284 75 0 22 359;
0.98 8 0 0.31 86 8 0.44 30 94 0.04 142 124 0 13 266;
0.97 1 0 0.25 38 1 0.25 8 39 0.03 417 47 0 22 464;
0.85 5 0 0.31 74 5 0.36 10 79 0.05 278 89 0 29 367;
0.87 5 0 0.2 88 5 0.3 8 93 0.01 187 101 0 10 288;
0.91 4 0 0.2 53 4 0.2 11 57 0.04 223 68 0 35 291;
1.0 5 0 0.24 58 5 0.37 15 63 0.05 215 78 0 13 293;
0.95 5 0 0.31 89 5 0.49 27 94 0.06 363 121 0 28 484;
1.0 4 0 0.22 62 4 0.33 23 66 0.05 211 89 0 18 300;
0.99 3 0 0.3 89 3 0.52 26 92 0.06 156 118 0 29 274;
0.91 7 0 0.24 51 7 0.32 23 58 0.05 336 81;
0.87 5 0 0.25 29 5 0.42 8 34 0.02 188 42 0 10 230;
0.95 7 0 0.25 75 7 0.41 10 82 0.06 233 92 0 25 325;
0.95 5 0 0.3 50 5 0.37 24 55 0.02 186 79 0 24 265;
0.92 8 0 0.29 89 8 0.39 28 97 0.02 230 125 0 24 355;
0.97 6 0 0.2 36 6 0.2 10 42 0.02 419 52 0 32 471;
0.88 8 0 0.19 31 8 0.34 22 39 0.03 325 61 0 32 386;
0.98 5 0 0.28 58 5 0.44 16 63 0.02 393 79 0 33 472;
0.87 2 0 0.33 67 2 0.4 15 69 0.04 329 84 0 13 413;
0.94 4 0 0.34 32 4 0.49 15 36 0.04 197 51 0 15 248;
1.0 6 0 0.34 80 6 0.34 9 86 0.02 204 95 0 12 299;
0.88 7 0 0.31 63 7 0.31 6 70 0.05 386 76 0 18 462;
0.9 2 0 0.23 49 2 0.42 28 51 0.03 349 79;
0.98 6 0 0.24 62 6 0.38 9 68 0.02 334 77 0 26 411;
0.99 7 0 0.22 44 7 0.28 11 51 0.05 322 62 0 18 384;
0.9 7 0 0.28 49 7 0.48 30 56 0.05 159 86 0 23 245;
0.86 7 0 0.26 85 7 0.35 24 92 0.06 274 116 0 31 390;
0.88 7 0 0.26 56 7 0.43 28 63 0.04 166 91 0 34 257;
1.0 4 0 0.26 58 4 0.26 8 62 0.01 262 70 0 32 332;
0.9 8 0 0.22 75 8 0.35 12 83 0.06 291 95 0 29 386;
0.91 6 0 0.3 57 6 0.38 26 63 0.02 392 89 0 11 481;
0.93 8 0 0.19 77 8 0.19 5 85 0.01 266 90 0 11 356;
0.95 1 0 0.24 51 1 0.46 18 52 0.04 289 70;
0.94 1 0 0.26 64 1 0.48 18 65 0.01 340 83 0 19 423;
0.92 2 0 0.34 67 2 0.4 12 69 0.03 370 81 0 37 451;
0.9 1 0 0.26 36 1 0.43 23 37 0.05 315 60 0 13 375;
0.97 3 0 0.19 32 3 0.23 14 35 0.05 375 49 0 26 424;
0.88 8 0 0.22 81 8 0.32 14 89 0.02 215 103 0 38 318;
0.95 7 0 0.29 65 7 0.29 13 72 0.03 272 85 0 31 357;
0.97 2 0 0.26 68 2 0.36 13 70 0.03 259 83 0 39 342;
0.92 3 0 0.31 66 3 0.35 13 69 0.05 183 82 0 25 265;
0.96 3 0 0.23 63 3 0.23 12 66 0.03 170 78 0 11 248;
0.94 4 0 0.28 27 4 0.33 20 31 0.03 338 51 0 38 389;
0.98 1 0 0.26 64 1 0.26 8 65 0.02 164 73 0 10 237;
0.93 6 0 0.33 90 6 0.33 13 96 0.03 165 109 0 31 274;
0.86 4 0 0.34 53 4 0.52 8 57 0.03 264 65 0 19 329;
0.89 8 0 0.26 49 8 0.38 28 57 0.05 149 85 0 27 234;
1.0 7 0 0.35 35 7 0.35 15 42 0.01 413 57 0 36 470;
0.94 3 0 0.24 77 3 0.34 13 80 0.05 418 93;
0.97 5 0 0.34 36 5 0.44 22 41 0.05 393 63 0 19 456;
0.99 4 0 0.26 49 4 0.42 25 53 0.06 328 78 0 30 406;
0.93 2 0 0.25 52 2 0.35 9 54 0.02 222 63 0 20 285;
0.99 7 0 0.25 38 7 0.25 6 45 0.01 255 51;
0.9 5 0 0.25 89 5 0.29 20 94 0.05 392 114 0 17 506;
0.86 2 0 0.23 71 2 0.34 9 73 0.05 318 82 0 20 400;
0.95 5 0 0.21 68 5 0.21 15 73 0.05 178 88 0 11 266;
0.88 4 0 0.21 70 4 0.42 12 74 0.01 257 86 0 12 343;
0.97 8 0 0.31 81 8 0.31 9 89 0.03 143 98;
0.97 3 0 0.19 34 3 0.26 16 37 0.02 276 53;
0.93 2 0 0.32 35 2 0.45 16 37 0.04 396 53 0 23 449;
0.98 2 0 0.31 74 2 0.44 23 76 0.05 307 99 0 35 406;
0.99 4 0 0.27 42 4 0.31 20 46 0.04 387 66;
0.99 1 0 0.23 55 1 0.4 10 56 0.04 377 66;
0.99 6 0 0.21 54 6 0.35 14 60 0.04 209 74;
0.94 6 0 0.2 74 6 0.23 20 80 0.05 343 100 0 15 443;
0.99 8 0 0.27 46 8 0.36 22 54 0.01 276 76 0 20 352;
0.95 1 0 0.19 60 1 0.41 29 61 0.04 277 90 0 32 367;
0.93 7 0 0.29 59 7 0.41 17 66 0.03 211 83 0 38 294;
0.85 5 0 0.27 85 5 0.32 10 90 0.03 292 100 0 20 392;
0.86 6 0 0.28 76 6 0.28 8 82 0.05 218 90 0 15 308;
0.95 4 0 0.28 90 4 0.38 8 94 0.02 140 102 0 36 242;
0.98 2 0 0.25 33 2 0.25 5 35 0.04 399 40 0 13 439;
0.92 6 0 0.25 28 6 0.29 27 34 0.02 377 61 0 10 438;
0.86 2 0 0.31 89 2 0.48 14 91 0.06 231 105 0 36 336;
0.96 1 0 0.33 86 1 0.38 17 87 0.03 175 104 0 39 279;
0.88 3 0 0.24 63 3 0.43 21 66 0.03 154 87 0 38 241;
0.89 4 0 0.3 44 4 0.52 26 48 0.05 400 74;
0.89 5 0 0.27 39 5 0.32 19 44 0.04 353 63;
0.93 7 0 0.19 25 7 0.24 16 32 0.03 193 48 0 31 241;
0.94 1 0 0.26 86 1 0.42 25 87 0.02 353 112 0 16 465;
0.93 7 0 0.26 76 7 0.26 12 83 0.04 363 95 0 18 458;
0.86 6 0 0.27 63 6 0.48 9 69 0.04 202 78;
0.98 4 0 0.31 76 4 0.48 27 80 0.03 301 107 0 26 408;
0.91 6 0 0.22 83 6 0.22 15 89 0.05 239 104 0 29 343;
0.91 4 0 0.35 37 4 0.39 19 41 0.04 325 60;
0.85 2 0 0.26 88 2 0.45 26 90 0.02 213 116 0 19 329;
0.89 4 0 0.34 72 4 0.47 23 76 0.02 251 99 0 25 350;
0.95 5 0 0.31 56 5 0.42 17 61 0.05 391 78;
0.97 7 0 0.23 83 7 0.23 14 90 0.05 243 104 0 33 347;
0.89 2 0 0.21 72 2 0.38 23 74 0.04 280 97 0 27 377;
0.85 4 0 0.21 59 4 0.26 23 63 0.06 391 86 0 40 477;
1.0 8 0 0.24 27 8 0.37 25 35 0.04 412 60 0 10 472;
1.0 8 0 0.19 81 8 0.38 25 89 0.05 283 114 0 22 397;
0.99 8 0 0.25 73 8 0.44 29 81 0.06 189 110;
0.87 8 0 0.32 70 8 0.44 28 78 0.05 415 106 0 34 521;
0.97 6 0 0.25 64 6 0.43 17 70 0.04 147 87 0 19 234;
0.85 6 0 0.29 28 6 0.45 12 34 0.05 184 46 0 26 230;
0.88 8 0 0.27 38 8 0.42 29 46 0.03 259 75 0 34 334;
0.94 6 0 0.19 47 6 0.3 16 53 0.02 322 69;
0.99 2 0 0.21 71 2 0.35 10 73 0.02 216 83 0 32 299;
0.85 8 0 0.23 42 8 0.4 19 50 0.06 171 69;
0.96 8 0 0.23 82 8 0.4 26 90 0.02 241 116;
0.95 7 0 0.26 43 7 0.41 26 50 0.05 293 76 0 14 369;
0.86 2 0 0.19 26 2 0.39 24 28 0.03 392 52 0 22 444;
0.87 3 0 0.3 50 3 0.46 9 53 0.04 271 62 0 32 333;
0.93 2 0 0.29 42 2 0.29 12 44 0.01 262 56 0 23 318;
0.98 6 0 0.25 44 6 0.35 22 50 0.03 161 72 0 31 233;
0.98 6 0 0.26 50 6 0.26 10 56 0.05 239 66 0 29 305;
0.98 3 0 0.24 70 3 0.38 28 73 0.04 261 101 0 23 362;
0.94 4 0 0.23 82 4 0.42 8 86 0.02 195 94 0 37 289;
0.89 7 0 0.22 73 7 0.4 24 80 0.04 177 104 0 40 281;
0.91 8 0 0.3 50 8 0.45 25 58 0.03 385 83 0 32 468;
0.91 6 0 0.29 26 6 0.48 18 32 0.04 286 50 0 18 336;
0.86 6 0 0.3 39 6 0.47 23 45 0.05 303 68 0 32 371;
0.96 2 0 0.27 40 2 0.47 15 42 0.03 273 57 0 27 330;
0.98 5 0 0.33 33 5 0.33 9 38 0.05 354 47 0 15 401;
0.93 5 0 0.3 59 5 0.42 16 64 0.04 215 80;
0.93 2 0 0.34 33 2 0.34 8 35 0.01 284 43 0 14 327;
0.91 4 0 0.31 73 4 0.51 20 77 0.01 192 97 0 26 289;
0.91 4 0 0.26 78 4 0.34 18 82 0.04 386 100 0 32 486;
0.89 1 0 0.26 84 1 0.42 9 85 0.03 186 94 0 36 280;
0.94 1 0 0.19 82 1 0.38 18 83 0.02 145 101 0 39 246;
0.91 2 0 0.27 85 2 0.41 30 87 0.04 337 117 0 34 454;
0.94 1 0 0.18 53 1 0.31 25 54 0.03 365 79 0 27 444;
0.85 1 0 0.26 53 1 0.38 23 54 0.01 333 77 0 33 410;
0.87 2 0 0.22 51 2 0.22 12 53 0.02 319 65 0 33 384;
0.92 1 0 0.26 32 1 0.26 12 33 0.04 384 45 0 18 429;
0.98 6 0 0.34 43 6 0.38 26 49 0.01 215 75 0 33 290;
0.93 5 0 0.24 37 5 0.24 15 42 0.03 175 57 0 22 232;
0.92 1 0 0.23 29 1 0.45 15 30 0.05 273 45 0 22 318;
0.96 4 0 0.24 63 4 0.24 9 67 0.04 388 76 0 31 464;
0.9 1 0 0.2 55 1 0.25 25 56 0.06 214 81 0 31 295;
0.89 5 0 0.31 65 5 0.31 7 70 0.04 265 77 0 35 342;
0.9 7 0 0.31 86 7 0.5 14 93 0.04 288 107 0 24 395;
0.96 1 0 0.31 36 1 0.31 10 37 0.02 331 47 0 26 378;
0.85 7 0 0.34 75 7 0.53 22 82 0.04 395 104 0 28 499;
0.86 7 0 0.19 65 7 0.29 14 72 0.05 330 86;
0.92 5 0 0.19 66 5 0.19 7 71 0.04 386 78 0 28 464;
0.95 8 0 0.3 52 8 0.34 27 60 0.03 347 87 0 23 434;
0.96 5 0 0.29 42 5 0.35 23 47 0.04 392 70 0 18 462;
0.89 4 0 0.25 41 4 0.44 29 45 0.03 404 74 0 15 478;
1.0 1 0 0.32 35 1 0.47 13 36 0.04 207 49 0 14 256;
0.89 8 0 0.25 88 8 0.43 17 96 0.01 353 113 0 18 466;
0.99 4 0 0.31 56 4 0.31 5 60 0.04 217 65;
0.98 5 0 0.29 30 5 0.35 20 35 0.01 324 55 0 36 379;
0.89 6 0 0.25 60 6 0.25 15 66 0.01 192 81 0 26 273;
0.93 4 0 0.21 69 4 0.32 9 73 0.04 196 82 0 13 278;
0.88 2 0 0.24 49 2 0.34 20 51 0.05 206 71 0 39 277;
0.89 3 0 0.24 57 3 0.29 19 60 0.04 380 79 0 24 459;
0.94 6 0 0.2 41 6 0.37 11 47 0.02 368 58 0 20 426;
0.92 7 0 0.33 47 7 0.55 23 54 0.02 153 77 0 19 230;
0.95 7 0 0.2 48 7 0.26 26 55 0.02 147 81;
0.94 5 0 0.26 31 5 0.26 13 36 0.04 384 49 0 20 433;
0.91 7 0 0.21 81 7 0.3 30 88 0.04 368 118 0 22 486;
0.9 5 0 0.22 67 5 0.31 11 72 0.03 167 83 0 36 250;
0.97 4 0 0.19 67 4 0.19 7 71 0.05 206 78 0 37 284;
0.89 4 0 0.22 58 4 0.22 11 62 0.02 258 73 0 32 331;
0.89 2 0 0.24 29 2 0.24 11 31 0.05 193 42 0 10 235;
0.9 3 0 0.23 89 3 0.27 20 92 0.05 184 112 0 38 296;
0.93 2 0 0.2 40 2 0.33 15 42 0.02 418 57 0 28 475;
0.97 2 0 0.28 50 2 0.28 12 52 0.03 362 64 0 33 426;
0.9 3 0 0.3 40 3 0.3 8 43 0.02 373 51 0 28 424;
0.99 6 0 0.18 70 6 0.21 16 76 0.05 172 92 0 37 264;
0.96 1 0 0.34 34 1 0.34 15 35 0.04 356 50 0 15 406;
0.99 1 0 0.22 29 1 0.22 5 30 0.02 301 35 0 40 336;
0.88 7 0 0.23 61 7 0.28 30 68 0.03 224 98 0 14 322;
0.96 3 0 0.31 48 3 0.31 10 51 0.03 386 61 0 21 447;
0.87 3 0 0.31 84 3 0.31 8 87 0.01 174 95 0 36 269;
0.95 7 0 0.22 75 7 0.22 10 82 0.05 315 92 0 16 407;
0.99 2 0 0.35 29 2 0.54 25 31 0.06 156 56 0 19 212;
0.92 6 0 0.3 55 6 0.3 13 61 0.05 410 74 0 15 484;
0.9 3 0 0.22 59 3 0.22 11 62 0.01 233 73 0 10 306;
0.98 4 0 0.23 87 4 0.23 11 91 0.04 361 102 0 30 463;
0.88 6 0 0.2 65 6 0.42 16 71 0.03 191 87 0 22 278;
0.88 8 0 0.28 46 8 0.34 13 54 0.03 246 67 0 34 313;
0.9 8 0 0.22 66 8 0.39 9 74 0.04 237 83 0 34 320;
0.9 4 0 0.34 61 4 0.46 12 65 0.02 293 77 0 19 370;
0.99 3 0 0.25 48 3 0.39 16 51 0.03 418 67;
0.97 2 0 0.33 49 2 0.5 21 51 0.03 171 72 0 28 243;
0.92 3 0 0.19 83 3 0.29 21 86 0.02 198 107 0 18 305;
0.99 5 0 0.28 65 5 0.39 28 70 0.01 260 98 0 33 358;
0.91 7 0 0.18 31 7 0.35 14 38 0.05 417 52 0 20 469;
0.98 3 0 0.19 63 3 0.36 25 66 0.05 319 91;
0.86 3 0 0.31 86 3 0.31 11 89 0.02 408 100 0 22 508;
0.87 3 0 0.27 41 3 0.27 13 44 0.06 252 57 0 38 309;
0.92 7 0 0.29 78 7 0.37 15 85 0.02 396 100 0 40 496;
0.99 1 0 0.24 62 1 0.33 29 63 0.05 393 92 0 38 485;
0.89 6 0 0.23 53 6 0.29 13 59 0.06 174 72 0 26 246;
0.88 8 0 0.23 80 8 0.31 23 88 0.02 318 111 0 34 429;
0.96 4 0 0.24 59 4 0.24 9 63 0.03 293 72 0 14 365;
0.99 6 0 0.3 57 6 0.3 7 63 0.03 257 70 0 36 327;
0.91 5 0 0.22 80 5 0.3 27 85 0.02 273 112 0 33 385;
0.89 3 0 0.23 42 3 0.28 20 45 0.05 201 65 0 37 266;
0.99 6 0 0.23 72 6 0.34 9 78 0.01 379 87 0 33 466;
0.98 4 0 0.27 41 4 0.33 20 45 0.02 392 65;
0.97 5 0 0.22 51 5 0.29 13 56 0.03 163 69 0 38 232;
0.92 2 0 0.19 76 2 0.19 13 78 0.05 142 91 0 26 233;
0.97 3 0 0.26 45 3 0.26 14 48 0.02 326 62 0 25 388;
0.87 1 0 0.23 88 1 0.39 10 89 0.04 243 99 0 38 342;
0.85 7 0 0.29 39 7 0.45 10 46 0.04 398 56 0 40 454;
0.98 5 0 0.26 51 5 0.38 15 56 0.03 314 71 0 22 385;
0.89 6 0 0.23 60 6 0.23 15 66 0.05 413 81 0 17 494;
0.95 1 0 0.22 90 1 0.22 14 91 0.05 199 105 0 19 304;
0.87 4 0 0.26 53 4 0.36 18 57 0.04 391 75 0 37 466;
0.92 5 0 0.23 55 5 0.23 11 60 0.01 366 71 0 16 437;
0.96 4 0 0.27 49 4 0.27 10 53 0.02 201 63 0 14 264;
0.95 6 0 0.2 69 6 0.31 18 75 0.05 258 93 0 38 351;
0.92 5 0 0.21 49 5 0.31 28 54 0.01 325 82 0 33 407;
0.86 5 0 0.21 63 5 0.3 28 68 0.05 200 96 0 14 296;
1.0 4 0 0.25 47 4 0.25 12 51 0.04 216 63 0 32 279;
0.94 4 0 0.24 85 4 0.24 9 89 0.03 336 98 0 39 434;
0.98 7 0 0.21 76 7 0.27 24 83 0.04 304 107 0 30 411;
0.95 6 0 0.29 38 6 0.34 12 44 0.04 397 56 0 13 453;
0.98 6 0 0.32 47 6 0.44 23 53 0.04 299 76 0 26 375;
0.87 7 0 0.3 53 7 0.38 23 60 0.02 360 83 0 36 443;
0.85 1 0 0.32 25 1 0.42 10 26 0.05 217 36 0 18 253;
0.94 2 0 0.24 39 2 0.43 12 41 0.04 142 53 0 38 195;
0.85 7 0 0.22 80 7 0.43 16 87 0.04 401 103 0 36 504;
0.97 2 0 0.3 44 2 0.45 9 46 0.05 384 55 0 29 439;
0.89 5 0 0.23 30 5 0.23 9 35 0.01 166 44 0 32 210;
0.96 2 0 0.19 87 2 0.32 30 89 0.05 372 119 0 35 491;
0.85 7 0 0.24 64 7 0.24 13 71 0.05 413 84 0 35 497;
0.92 6 0 0.21 78 6 0.28 27 84 0.05 331 111 0 26 442;
0.88 1 0 0.23 88 1 0.39 15 89 0.01 375 104 0 22 479;
0.85 2 0 0.34 79 2 0.46 21 81 0.03 157 102 0 33 259;
0.95 6 0 0.2 85 6 0.39 21 91 0.05 154 112 0 36 266;
0.97 1 0 0.27 86 1 0.49 22 87 0.03 242 109;
0.87 6 0 0.29 50 6 0.29 5 56 0.02 163 61 0 21 224;
0.95 6 0 0.23 65 6 0.34 13 71 0.05 252 84 0 34 336;
1.0 3 0 0.24 53 3 0.29 19 56 0.05 308 75 0 24 383;
0.94 5 0 0.22 56 5 0.32 9 61 0.05 218 70 0 18 288;
0.88 5 0 0.23 47 5 0.42 9 52 0.05 312 61 0 32 373;
0.92 6 0 0.29 31 6 0.29 13 37 0.04 299 50 0 18 349;
0.86 2 0 0.19 40 2 0.19 11 42 0.02 368 53 0 16 421;
0.93 1 0 0.18 26 1 0.3 14 27 0.02 379 41 0 15 420;
0.91 5 0 0.24 67 5 0.46 10 72 0.02 344 82 0 23 426;
0.87 1 0 0.35 76 1 0.43 14 77 0.05 372 91 0 35 463;
0.98 8 0 0.29 68 8 0.44 15 76 0.06 185 91 0 22 276;
0.96 8 0 0.33 73 8 0.48 20 81 0.05 361 101 0 22 462;
0.9 5 0 0.21 87 5 0.32 17 92 0.03 304 109 0 14 413;
0.85 2 0 0.32 72 2 0.46 20 74 0.06 345 94 0 26 439;
0.89 2 0 0.24 58 2 0.29 18 60 0.03 282 78 0 19 360;
0.91 7 0 0.19 41 7 0.33 15 48 0.04 298 63 0 33 361;
0.98 5 0 0.33 42 5 0.54 8 47 0.04 153 55 0 19 208;
0.91 6 0 0.33 40 6 0.42 17 46 0.04 258 63 0 36 321;
0.91 7 0 0.29 43 7 0.42 14 50 0.01 158 64 0 33 222;
1.0 5 0 0.31 28 5 0.52 9 33 0.02 376 42 0 28 418;
0.96 8 0 0.22 76 8 0.36 22 84 0.03 344 106 0 17 450;
0.98 1 0 0.23 42 1 0.29 19 43 0.04 313 62 0 28 375;
0.87 3 0 0.26 69 3 0.33 25 72 0.02 201 97 0 32 298;
0.89 3 0 0.2 76 3 0.39 27 79 0.05 181 106 0 25 287;
0.91 3 0 0.27 85 3 0.37 16 88 0.05 278 104 0 19 382;
0.98 3 0 0.2 40 3 0.29 27 43 0.03 195 70 0 40 265;
0.96 1 0 0.19 36 1 0.39 28 37 0.03 411 65;
0.86 6 0 0.33 57 6 0.42 25 63 0.02 290 88 0 12 378;
0.95 8 0 0.21 62 8 0.27 13 70 0.05 147 83 0 25 230;
0.98 3 0 0.27 46 3 0.27 9 49 0.06 293 58 0 12 351;
0.98 8 0 0.34 67 8 0.34 11 75 0.03 203 86 0 26 289;
0.94 3 0 0.35 44 3 0.49 29 47 0.04 168 76 0 10 244;
0.89 8 0 0.28 58 8 0.32 10 66 0.05 338 76 0 36 414;
0.89 7 0 0.21 35 7 0.21 7 42 0.06 294 49 0 27 343;
0.98 3 0 0.18 71 3 0.34 26 74 0.04 263 100 0 18 363;
0.99 7 0 0.27 71 7 0.39 12 78 0.02 156 90;
0.88 5 0 0.23 64 5 0.36 17 69 0.04 325 86 0 32 411;
0.86 1 0 0.19 76 1 0.35 20 77 0.02 234 97 0 39 331;
0.86 6 0 0.33 38 6 0.44 15 44 0.01 333 59 0 28 392;
0.91 3 0 0.2 85 3 0.2 12 88 0.02 348 100 0 40 448;
0.88 4 0 0.29 48 4 0.33 24 52 0.01 286 76 0 38 362;
0.94 2 0 0.22 37 2 0.34 30 39 0.05 399 69 0 18 468;
0.98 4 0 0.25 82 4 0.25 8 86 0.05 356 94 0 11 450;
0.98 2 0 0.33 55 2 0.42 23 57 0.02 153 80 0 22 233;
0.89 6 0 0.21 82 6 0.38 20 88 0.01 297 108;
0.92 5 0 0.19 28 5 0.38 17 33 0.06 221 50 0 39 271;
0.91 3 0 0.26 73 3 0.43 17 76 0.02 263 93 0 19 356;
0.9 1 0 0.34 37 1 0.54 22 38 0.04 222 60 0 39 282;
0.95 5 0 0.34 61 5 0.55 17 66 0.03 336 83 0 16 419;
0.94 5 0 0.34 39 5 0.34 8 44 0.01 182 52 0 36 234;
0.87 2 0 0.19 72 2 0.27 25 74 0.04 361 99 0 31 460;
0.94 1 0 0.33 36 1 0.45 14 37 0.03 320 51 0 16 371;
0.97 5 0 0.29 44 5 0.39 12 49 0.01 363 61 0 16 424;
0.97 3 0 0.26 78 3 0.39 28 81 0.05 413 109 0 21 522;
0.9 7 0 0.3 40 7 0.51 28 47 0.02 145 75 0 10 220;
1.0 4 0 0.35 72 4 0.46 25 76 0.03 305 101 0 31 406;
0.87 7 0 0.32 77 7 0.32 13 84 0.05 416 97 0 39 513;
0.94 2 0 0.33 27 2 0.43 11 29 0.03 399 40;
0.98 1 0 0.19 70 1 0.27 23 71 0.04 152 94 0 38 246;
0.88 7 0 0.27 77 7 0.44 13 84 0.02 156 97 0 40 253;
0.96 4 0 0.25 75 4 0.4 30 79 0.01 358 109 0 39 467;
0.86 6 0 0.28 77 6 0.49 13 83 0.05 251 96 0 29 347;
0.99 1 0 0.23 70 1 0.41 19 71 0.03 358 90;
0.92 5 0 0.28 28 5 0.46 18 33 0.05 165 51;
0.93 7 0 0.21 45 7 0.39 25 52 0.02 371 77 0 14 448;
0.87 7 0 0.29 27 7 0.42 20 34 0.04 149 54 0 33 203;
0.87 5 0 0.21 57 5 0.24 20 62 0.06 175 82;
0.87 5 0 0.31 63 5 0.46 12 68 0.05 223 80 0 20 303;
0.96 3 0 0.2 48 3 0.4 21 51 0.06 182 72 0 14 254;
0.86 6 0 0.3 71 6 0.43 19 77 0.03 386 96 0 18 482;
0.99 3 0 0.19 39 3 0.36 17 42 0.04 193 59 0 31 252;
0.97 6 0 0.2 72 6 0.28 19 78 0.03 281 97 0 23 378;
0.91 1 0 0.22 33 1 0.33 11 34 0.01 198 45 0 30 243;
0.87 8 0 0.27 70 8 0.46 23 78 0.03 390 101 0 28 491;
0.97 7 0 0.26 53 7 0.47 24 60 0.02 158 84 0 25 242;
0.99 7 0 0.23 87 7 0.37 10 94 0.02 289 104 0 25 393;
0.99 8 0 0.34 80 8 0.34 5 88 0.05 277 93 0 13 370;
0.89 8 0 0.35 86 8 0.52 19 94 0.04 328 113 0 36 441;
0.86 4 0 0.2 26 4 0.37 28 30 0.05 307 58 0 12 365;
0.92 2 0 0.21 90 2 0.4 11 92 0.02 242 103 0 40 345;
0.95 6 0 0.35 52 6 0.44 28 58 0.04 144 86 0 10 230;
0.87 4 0 0.26 27 4 0.36 19 31 0.04 189 50 0 35 239;
0.89 5 0 0.27 36 5 0.43 12 41 0.03 277 53 0 31 330;
0.97 1 0 0.26 78 1 0.39 16 79 0.04 414 95 0 39 509;
0.95 8 0 0.3 86 8 0.4 8 94 0.06 201 102;
0.91 1 0 0.3 35 1 0.3 6 36 0.05 315 42 0 11 357;
0.99 5 0 0.21 66 5 0.38 25 71 0.02 342 96 0 36 438;
0.88 8 0 0.2 83 8 0.41 22 91 0.04 338 113 0 14 451;
0.94 5 0 0.21 50 5 0.41 8 55 0.02 337 63 0 39 400;
0.89 6 0 0.2 42 6 0.4 12 48 0.02 277 60 0 34 337;
0.87 7 0 0.33 47 7 0.33 10 54 0.03 327 64 0 19 391;
0.95 5 0 0.33 45 5 0.53 24 50 0.02 255 74 0 39 329;
0.88 3 0 0.18 76 3 0.39 13 79 0.06 414 92;
0.87 3 0 0.23 70 3 0.32 28 73 0.05 174 101 0 13 275;
0.88 3 0 0.22 68 3 0.22 8 71 0.01 342 79;
0.93 4 0 0.31 76 4 0.35 24 80 0.04 273 104;
0.94 5 0 0.31 40 5 0.36 25 45 0.03 320 70 0 15 390;
0.94 4 0 0.28 44 4 0.41 22 48 0.04 250 70 0 34 320;
0.89 1 0 0.33 57 1 0.48 14 58 0.03 185 72 0 22 257;
0.9 7 0 0.21 71 7 0.29 29 78 0.01 272 107 0 37 379;
1.0 1 0 0.33 53 1 0.49 8 54 0.01 223 62 0 25 285;
0.87 1 0 0.22 32 1 0.42 11 33 0.05 323 44 0 34 367;
0.93 5 0 0.26 39 5 0.33 13 44 0.01 348 57 0 40 405;
0.98 5 0 0.21 42 5 0.4 13 47 0.02 211 60 0 17 271;
0.92 1 0 0.31 33 1 0.31 11 34 0.05 369 45 0 34 414;
0.98 8 0 0.33 44 8 0.52 28 52 0.02 151 80 0 21 231;
0.87 4 0 0.19 82 4 0.28 9 86 0.05 187 95 0 16 282;
0.92 4 0 0.28 88 4 0.5 10 92 0.05 276 102;
0.9 5 0 0.26 27 5 0.43 27 32 0.06 241 59 0 22 300;
0.88 7 0 0.24 87 7 0.4 8 94 0.05 201 102 0 32 303;
0.96 5 0 0.26 36 5 0.35 22 41 0.05 205 63 0 10 268;
0.9 2 0 0.33 60 2 0.53 18 62 0.04 300 80 0 23 380;
0.95 8 0 0.27 46 8 0.43 12 54 0.02 321 66 0 23 387;
0.99 2 0 0.33 78 2 0.46 30 80 0.02 248 110 0 13 358;
0.86 2 0 0.23 46 2 0.31 18 48 0.02 185 66 0 14 251;
0.89 1 0 0.23 77 1 0.32 22 78 0.03 397 100 0 23 497;
0.96 3 0 0.19 48 3 0.26 24 51 0.04 394 75;
0.95 3 0 0.33 75 3 0.38 26 78 0.02 364 104 0 31 468;
0.95 1 0 0.32 70 1 0.43 28 71 0.03 419 99 0 38 518;
0.98 2 0 0.21 32 2 0.37 20 34 0.05 337 54 0 16 391;
0.94 1 0 0.19 29 1 0.29 24 30 0.01 392 54 0 37 446;
0.98 5 0 0.2 60 5 0.24 17 65 0.04 278 82 0 38 360;
0.87 8 0 0.28 82 8 0.37 26 90 0.04 355 116 0 27 471;
0.93 3 0 0.32 61 3 0.35 9 64 0.05 320 73 0 31 393;
0.91 4 0 0.24 84 4 0.24 7 88 0.03 143 95 0 16 238;
0.9 3 0 0.29 39 3 0.29 5 42 0.06 386 47 0 33 433;
0.99 3 0 0.23 63 3 0.27 26 66 0.03 350 92 0 38 442;
0.87 2 0 0.27 70 2 0.47 23 72 0.04 305 95 0 13 400;
0.93 6 0 0.22 60 6 0.22 11 66 0.06 417 77 0 13 494;
0.99 2 0 0.29 59 2 0.44 14 61 0.01 260 75 0 39 335;
0.96 4 0 0.22 30 4 0.35 26 34 0.05 393 60 0 19 453;
0.99 3 0 0.24 26 3 0.24 14 29 0.03 262 43 0 12 305;
0.97 4 0 0.32 85 4 0.36 9 89 0.03 189 98 0 28 287;
0.99 4 0 0.29 75 4 0.47 24 79 0.04 321 103 0 31 424;
0.95 8 0 0.31 49 8 0.42 17 57 0.03 356 74 0 23 430;
0.86 8 0 0.27 57 8 0.32 13 65 0.03 199 78 0 14 277;
0.95 5 0 0.19 51 5 0.33 8 56 0.04 298 64 0 39 362;
0.91 3 0 0.22 84 3 0.22 11 87 0.04 310 98 0 25 408;
0.92 5 0 0.25 80 5 0.35 17 85 0.06 211 102 0 28 313;
0.99 3 0 0.3 39 3 0.48 24 42 0.02 268 66;
0.92 4 0 0.32 28 4 0.47 27 32 0.01 167 59 0 36 226;
0.94 8 0 0.2 89 8 0.2 10 97 0.06 410 107 0 23 517;
0.95 7 0 0.3 53 7 0.42 9 60 0.05 268 69 0 16 337;
0.89 6 0 0.25 58 6 0.47 22 64 0.05 331 86 0 34 417;
0.92 3 0 0.26 89 3 0.42 19 92 0.01 228 111 0 33 339;
0.89 3 0 0.23 71 3 0.35 20 74 0.03 321 94 0 35 415;
0.92 7 0 0.3 84 7 0.34 24 91 0.02 240 115 0 15 355;
0.88 6 0 0.22 59 6 0.28 21 65 0.05 299 86 0 11 385;
0.94 2 0 0.26 29 2 0.42 22 31 0.02 179 53 0 15 232;
0.99 8 0 0.32 57 8 0.52 22 65 0.02 177 87 0 16 264;
0.98 4 0 0.19 67 4 0.19 15 71 0.06 302 86 0 27 388;
0.91 1 0 0.3 73 1 0.49 22 74 0.03 215 96 0 34 311;
0.9 2 0 0.2 31 2 0.29 24 33 0.03 152 57 0 37 209;
0.93 3 0 0.29 56 3 0.29 8 59 0.03 280 67;
0.94 1 0 0.29 54 1 0.51 11 55 0.05 345 66 0 34 411;
0.99 8 0 0.31 27 8 0.31 15 35 0.04 213 50 0 23 263;
0.93 3 0 0.32 65 3 0.49 29 68 0.03 177 97 0 11 274;
0.93 6 0 0.28 73 6 0.31 23 79 0.02 179 102 0 26 281;
0.86 6 0 0.24 27 6 0.41 30 33 0.06 168 63 0 25 231;
0.91 2 0 0.2 57 2 0.2 9 59 0.06 185 68 0 24 253;
0.92 8 0 0.23 63 8 0.38 24 71 0.03 364 95 0 35 459;
0.91 2 0 0.26 58 2 0.38 27 60 0.02 313 87 0 34 400;
0.91 5 0 0.19 60 5 0.34 18 65 0.03 144 83;
0.97 1 0 0.19 61 1 0.23 26 62 0.05 173 88 0 16 261;
0.96 6 0 0.32 78 6 0.46 20 84 0.03 348 104 0 22 452;
1.0 7 0 0.3 43 7 0.37 23 50 0.04 176 73 0 29 249;
0.86 7 0 0.29 29 7 0.45 25 36 0.05 203 61 0 19 264;
0.89 7 0 0.26 68 7 0.32 24 75 0.03 401 99 0 17 500;
0.94 2 0 0.28 50 2 0.36 11 52 0.02 414 63 0 17 477;
0.9 7 0 0.21 31 7 0.21 9 38 0.01 310 47 0 11 357;
0.95 5 0 0.27 50 5 0.47 21 55 0.05 273 76;
0.91 6 0 0.27 41 6 0.27 6 47 0.01 302 53 0 33 355;
0.94 6 0 0.29 68 6 0.29 12 74 0.03 272 86 0 36 358;
0.96 3 0 0.35 65 3 0.35 14 68 0.04 293 82 0 15 375;
0.98 5 0 0.26 75 5 0.26 13 80 0.02 391 93;
0.97 5 0 0.35 85 5 0.35 8 90 0.04 181 98 0 22 279;
0.89 5 0 0.26 67 5 0.36 19 72 0.05 269 91 0 17 360;
0.92 5 0 0.23 36 5 0.41 28 41 0.05 377 69 0 33 446;
0.87 5 0 0.21 44 5 0.41 22 49 0.01 339 71 0 35 410;
0.88 3 0 0.19 37 3 0.25 21 40 0.04 186 61 0 17 247;
0.92 8 0 0.29 48 8 0.48 12 56 0.05 278 68;
0.94 7 0 0.23 71 7 0.31 26 78 0.05 239 104 0 20 343;
1.0 7 0 0.22 70 7 0.31 19 77 0.04 249 96;
0.89 1 0 0.27 47 1 0.4 12 48 0.04 141 60 0 15 201;
0.91 7 0 0.31 41 7 0.48 18 48 0.03 258 66 0 33 324;
0.87 1 0 0.28 70 1 0.33 21 71 0.04 391 92 0 38 483;
0.89 7 0 0.34 54 7 0.49 16 61 0.04 209 77 0 24 286;
0.99 6 0 0.3 80 6 0.46 24 86 0.01 172 110 0 33 282;
0.89 4 0 0.29 58 4 0.37 29 62 0.01 226 91 0 12 317;
0.95 2 0 0.28 67 2 0.33 13 69 0.05 193 82 0 21 275;
0.94 7 0 0.35 39 7 0.35 10 46 0.04 373 56 0 13 429;
0.95 8 0 0.2 66 8 0.25 30 74 0.05 187 104 0 27 291;
0.85 3 0 0.29 32 3 0.4 25 35 0.04 176 60 0 19 236;
0.94 3 0 0.24 52 3 0.37 17 55 0.01 171 72 0 33 243;
0.92 3 0 0.23 68 3 0.36 30 71 0.03 335 101 0 11 436;
0.96 2 0 0.22 71 2 0.27 11 73 0.02 188 84 0 14 272;
0.99 4 0 0.19 27 4 0.38 12 31 0.02 338 43 0 35 381;
0.95 4 0 0.34 41 4 0.47 24 45 0.04 207 69;
0.94 7 0 0.25 33 7 0.4 15 40 0.04 322 55 0 31 377;
0.85 1 0 0.28 36 1 0.44 10 37 0.02 235 47 0 28 282;
0.9 6 0 0.35 32 6 0.38 12 38 0.02 164 50 0 29 214;
0.88 2 0 0.32 43 2 0.37 19 45 0.03 373 64 0 31 437;
0.88 1 0 0.25 44 1 0.33 23 45 0.02 189 68 0 26 257;
0.89 1 0 0.24 76 1 0.24 5 77 0.02 302 82 0 32 384;
0.89 3 0 0.35 88 3 0.51 16 91 0.02 156 107 0 26 263;
0.91 1 0 0.33 34 1 0.33 7 35 0.02 191 42 0 11 233;
0.95 7 0 0.28 76 7 0.34 10 83 0.05 256 93 0 10 349;
0.98 2 0 0.33 53 2 0.4 8 55 0.06 405 63 0 16 468;
0.93 1 0 0.34 80 1 0.44 26 81 0.02 420 107 0 37 527;
0.93 1 0 0.21 42 1 0.31 29 43 0.02 204 72 0 19 276;
0.93 4 0 0.24 38 4 0.24 9 42 0.01 275 51 0 13 326;
0.96 8 0 0.3 30 8 0.4 17 38 0.06 268 55 0 10 323;
0.9 4 0 0.35 63 4 0.55 17 67 0.03 270 84 0 31 354;
0.9 2 0 0.23 44 2 0.31 28 46 0.03 191 74 0 12 265;
0.96 7 0 0.29 69 7 0.38 21 76 0.05 403 97 0 10 500;
0.92 6 0 0.25 39 6 0.25 9 45 0.04 326 54 0 27 380;
0.9 1 0 0.19 33 1 0.3 10 34 0.03 309 44 0 25 353;
0.89 8 0 0.22 30 8 0.26 8 38 0.02 162 46 0 12 208;
0.91 4 0 0.27 28 4 0.32 27 32 0.04 213 59 0 13 272;
0.87 1 0 0.29 54 1 0.32 15 55 0.01 195 70 0 38 265;
0.91 3 0 0.27 37 3 0.34 18 40 0.01 315 58;
0.96 1 0 0.25 28 1 0.43 10 29 0.01 337 39 0 18 376;
0.9 6 0 0.34 84 6 0.34 5 90 0.03 374 95 0 28 469;
0.97 8 0 0.19 33 8 0.3 22 41 0.01 309 63 0 33 372;
0.96 3 0 0.27 70 3 0.27 6 73 0.04 230 79 0 14 309;
0.86 7 0 0.3 55 7 0.48 23 62 0.02 257 85 0 10 342;
0.86 7 0 0.32 88 7 0.54 30 95 0.01 347 125 0 14 472;
0.93 7 0 0.2 35 7 0.3 17 42 0.05 195 59 0 38 254;
0.87 4 0 0.28 54 4 0.38 10 58 0.04 382 68 0 11 450;
0.85 3 0 0.21 39 3 0.27 20 42 0.03 374 62 0 20 436;
0.98 7 0 0.33 35 7 0.33 15 42 0.05 162 57 0 35 219;
0.85 2 0 0.3 64 2 0.42 16 66 0.02 309 82;
0.93 4 0 0.29 88 4 0.36 18 92 0.03 223 110 0 22 333;
0.92 6 0 0.32 48 6 0.44 27 54 0.04 154 81 0 30 235;
0.94 1 0 0.22 86 1 0.39 12 87 0.02 146 99 0 18 245;
0.85 1 0 0.32 35 1 0.5 8 36 0.02 149 44;
0.88 7 0 0.19 74 7 0.35 22 81 0.04 356 103 0 10 459;
0.99 7 0 0.3 70 7 0.3 12 77 0.03 291 89 0 29 380;
0.98 4 0 0.23 30 4 0.31 29 34 0.05 411 63 0 32 474;
0.89 6 0 0.26 47 6 0.31 15 53 0.05 345 68;
0.94 5 0 0.31 83 5 0.5 13 88 0.05 246 101 0 33 347;
0.98 1 0 0.31 47 1 0.31 6 48 0.03 172 54 0 16 226;
0.86 7 0 0.24 27 7 0.38 14 34 0.05 336 48;
0.91 4 0 0.19 58 4 0.32 14 62 0.05 417 76;
0.85 2 0 0.25 86 2 0.25 9 88 0.02 191 97 0 29 288;
0.91 4 0 0.3 81 4 0.36 15 85 0.05 302 100 0 34 402;
0.98 5 0 0.24 64 5 0.3 22 69 0.04 160 91 0 32 251;
0.89 1 0 0.29 30 1 0.47 21 31 0.02 352 52 0 12 404;
0.97 7 0 0.23 55 7 0.28 28 62 0.05 318 90 0 24 408;
0.94 2 0 0.29 86 2 0.34 19 88 0.05 230 107 0 33 337;
0.99 6 0 0.28 65 6 0.47 22 71 0.05 290 93 0 19 383;
0.89 8 0 0.26 30 8 0.3 15 38 0.03 151 53 0 40 204;
0.86 8 0 0.25 38 8 0.43 10 46 0.03 169 56 0 21 225;
0.87 4 0 0.23 36 4 0.41 30 40 0.04 226 70 0 17 296;
0.85 7 0 0.22 73 7 0.3 24 80 0.06 377 104 0 11 481;
0.87 7 0 0.3 42 7 0.45 23 49 0.05 224 72 0 15 296;
0.87 1 0 0.19 51 1 0.41 25 52 0.01 219 77 0 11 296;
0.9 6 0 0.32 48 6 0.39 8 54 0.05 327 62 0 22 389;
1.0 8 0 0.26 77 8 0.26 10 85 0.01 274 95 0 34 369;
0.88 6 0 0.26 54 6 0.44 9 60 0.01 148 69 0 21 217;
0.93 6 0 0.24 76 6 0.24 14 82 0.04 269 96 0 10 365;
0.97 3 0 0.28 41 3 0.37 20 44 0.04 223 64 0 28 287;
0.96 6 0 0.27 54 6 0.31 10 60 0.06 163 70 0 14 233;
0.94 1 0 0.32 90 1 0.43 27 91 0.05 390 118 0 29 508;
0.97 1 0 0.32 79 1 0.45 20 80 0.06 346 100 0 13 446;
0.95 6 0 0.22 57 6 0.37 11 63 0.04 232 74 0 38 306;
0.88 5 0 0.3 59 5 0.4 26 64 0.06 194 90 0 22 284;
0.98 2 0 0.35 39 2 0.41 9 41 0.04 166 50 0 20 216;
0.95 7 0 0.34 60 7 0.42 25 67 0.04 184 92 0 37 276;
0.99 7 0 0.26 49 7 0.33 11 56 0.02 194 67 0 27 261;
0.87 5 0 0.32 46 5 0.53 22 51 0.02 345 73 0 32 418;
0.86 7 0 0.34 40 7 0.38 10 47 0.04 372 57 0 35 429;
0.95 8 0 0.27 52 8 0.48 21 60 0.05 218 81 0 34 299;
0.98 1 0 0.23 57 1 0.39 11 58 0.03 377 69 0 32 446;