1 0 0 0.79 445.72 0 0.06 963.99 445.72 0 337.78 1409.71;
1 0 0 0.7 208.24 0 0.35 1306.32 208.24 0 392.69 1514.57;
1 0 0 0.79 1680.56 0 0.71 444.26 1680.56 0 636.91 2124.82;
1 0 0 0.65 273.19 0 0.59 223.79 273.19 0 965.41 496.98;
1 0 0 0.59 1093.82 0 0.35 1891.15 1093.82 0 392.73 2984.97;
1 0 0 0.64 660.5 0 0.59 1902.33 660.5 0 543.9 2562.83;
1 0 0 0.53 921.04 0 0.27 973.3 921.04 0 750.51 1894.34;
1 0 0 0.48 297.91 0 0.59 346.96 297.91 0 677.4 644.87;
1 0 0 0.6 340.51 0 0.47 827.66 340.51 0 779.13 1168.17;
1 0 0 0.7 1824.86 0 0.44 554.21 1824.86 0 820.97 2379.07;
1 0 0 0.66 839.51 0 0.38 309.02 839.51 0 894.35 1148.53;
1 0 0 0.83 1526.43 0 0.3 1780.4 1526.43 0 922.3 3306.83;
1 0 0 0.69 1712.32 0 0.84 700.73 1712.32 0 483.71 2413.04;
1 0 0 0.77 412 0 0.67 584.23 412 0 858.98 996.23;
1 0 0 0.76 646.19 0 0.62 1048.13 646.19 0 113.75 1694.32;
1 0 0 0.56 1534.06 0 0.44 1707.08 1534.06 0 607.76 3241.14;
1 0 0 0.42 952.26 0 0.39 1456.88 952.26 0 458.65 2409.14;
1 0 0 0.79 1417.09 0 0.36 279.16 1417.09 0 786.45 1696.24;
1 0 0 0.7 1256.53 0 0.37 305.35 1256.53 0 266.8 1561.88;
1 0 0 0.78 789.69 0 0.57 1822.51 789.69 0 481.42 2612.2;
1 0 0 0.81 1225.5 0 0.74 915.92 1225.5 0 607.89 2141.41;
1 0 0 0.45 1856.81 0 0.77 1227.77 1856.81 0 585.53 3084.57;
1 0 0 0.64 556.64 0 0.62 1057.2 556.64 0 148.07 1613.84;
1 0 0 0.73 1316.87 0 0.53 898.91 1316.87 0 951.05 2215.79;
1 0 0 0.53 1095.94 0 0.51 1741.14 1095.94 0 831.8 2837.08;
1 0 0 0.77 1723.38 0 0.68 1085.38 1723.38 0 715.19 2808.75;
1 0 0 0.78 1199.38 0 0.51 1633.28 1199.38 0 729.21 2832.66;
1 0 0 0.76 876.09 0 0.73 849.38 876.09 0 324.24 1725.47;
1 0 0 0.56 1087.7 0 0.37 937.24 1087.7 0 932.21 2024.94;
1 0 0 0.69 794.99 0 0.3 658.33 794.99 0 397.51 1453.32;
1 0 0 0.82 615.01 0 0.48 647.99 615.01 0 886.14 1263;
1 0 0 0.68 1172.28 0 0.24 1161.56 1172.28 0 901.5 2333.84;
1 0 0 0.64 275.29 0 0.34 1277.09 275.29 0 388.94 1552.38;
1 0 0 0.79 1802.17 0 0.48 985.81 1802.17 0 686.16 2787.98;
1 0 0 0.6 1114.26 0 0.45 1504.15 1114.26 0 439.84 2618.4;
1 0 0 0.75 365.73 0 0.23 616.84 365.73 0 358.58 982.57;
1 0 0 0.74 689.51 0 0.56 1913.18 689.51 0 373.6 2602.69;
1 0 0 0.68 1050.81 0 0.47 362.74 1050.81 0 429.87 1413.55;
1 0 0 0.81 621.01 0 0.69 1527.47 621.01 0 626.25 2148.48;
1 0 0 0.81 1215.22 0 0.71 1246.33 1215.22 0 712.25 2461.56;
1 0 0 0.79 309.25 0 0.29 1398.03 309.25 0 479.46 1707.27;
1 0 0 0.57 920.57 0 0.42 1164.9 920.57 0 314.51 2085.47;
1 0 0 0.59 583.36 0 0.36 1601.16 583.36 0 302.63 2184.52;
1 0 0 0.48 1356.91 0 0.61 765.38 1356.91 0 444.24 2122.29;
1 0 0 0.56 1487.36 0 0.57 753.56 1487.36 0 621.83 2240.92;
1 0 0 0.72 1435.95 0 0.6 1026.6 1435.95 0 386.46 2462.55;
1 0 0 0.54 1415.61 0 0.54 746.45 1415.61 0 141.24 2162.06;
1 0 0 0.65 1238.47 0 0.58 670.94 1238.47 0 807.25 1909.41;
1 0 0 0.57 1246.44 0 0.4 1539.06 1246.44 0 634.72 2785.51;
1 0 0 0.65 693.69 0 0.55 1736.44 693.69 0 101.95 2430.13;
1 0 0 0.63 1249.76 0 0.34 1903.77 1249.76 0 168.91 3153.53;
1 0 0 0.53 212.01 0 0.34 1318.93 212.01 0 892.73 1530.94;
1 0 0 0.78 616.08 0 0.28 341.14 616.08 0 396.69 957.22;
1 0 0 0.85 1882.51 0 0.44 1121.21 1882.51 0 293.79 3003.72;
1 0 0 0.71 355.64 0 0.54 558.2 355.64 0 764.14 913.84;
1 0 0 0.64 1300.31 0 0.43 608.83 1300.31 0 573.42 1909.14;
1 0 0 0.85 1240 0 0.45 1140.39 1240 0 682.41 2380.4;
1 0 0 0.53 1396.64 0 0.23 1427.26 1396.64 0 186.82 2823.89;
1 0 0 0.65 1699.62 0 0.72 890.24 1699.62 0 511.61 2589.86;
1 0 0 0.6 538.65 0 0.62 1399.38 538.65 0 616.58 1938.03;
1 0 0 0.72 1877.3 0 0.33 1835.49 1877.3 0 862.13 3712.79;
1 0 0 0.84 469.08 0 0.46 1314.14 469.08 0 446.59 1783.22;
1 0 0 0.79 384.65 0 0.73 1518.9 384.65 0 214.58 1903.55;
1 0 0 0.79 402.22 0 0.72 1057.92 402.22 0 706.46 1460.14;
1 0 0 0.89 1304.46 0 0.37 1924.16 1304.46 0 712.32 3228.62;
1 0 0 0.82 1376.8 0 0.46 1357.07 1376.8 0 780.87 2733.87;
1 0 0 0.8 341.62 0 0.46 1035.85 341.62 0 381.13 1377.47;
1 0 0 0.58 921.44 0 0.59 693.3 921.44 0 273.2 1614.74;
1 0 0 0.69 1575.01 0 0.27 1883.87 1575.01 0 683.29 3458.89;
1 0 0 0.85 1982.54 0 0.59 910.28 1982.54 0 645.54 2892.82;
1 0 0 0.98 1845.01 0 0.51 632.8 1845.01 0 286.07 2477.81;
1 0 0 0.6 527.2 0 0.46 517.98 527.2 0 694.25 1045.18;
1 0 0 0.85 1769.04 0 0.32 701.09 1769.04 0 454.8 2470.13;
1 0 0 0.72 1304.3 0 0.72 1069.13 1304.3 0 597.87 2373.44;
1 0 0 0.76 1506.91 0 0.58 1105.6 1506.91 0 445.5 2612.51;
1 0 0 0.56 992.97 0 0.39 596.45 992.97 0 394.4 1589.42;
1 0 0 0.74 502.68 0 0.47 298.97 502.68 0 854.96 801.65;
1 0 0 0.73 1215.08 0 0.47 1615.33 1215.08 0 614.36 2830.42;
1 0 0 0.77 1450.66 0 0.36 1105.96 1450.66 0 829.21 2556.62;
1 0 0 0.68 1391.68 0 0.39 1105.48 1391.68 0 261.32 2497.16;
1 0 0 0.62 418.45 0 0.55 983.81 418.45 0 269.68 1402.26;
1 0 0 0.77 1839.76 0 0.94 824.34 1839.76 0 629.39 2664.1;
1 0 0 0.67 1303.97 0 0.34 1249.45 1303.97 0 573.35 2553.42;
1 0 0 0.61 1746.14 0 0.37 1766.8 1746.14 0 174.97 3512.94;
1 0 0 0.84 480.68 0 0.6 1033.65 480.68 0 383.45 1514.33;
1 0 0 0.78 1212.5 0 0.43 1418.74 1212.5 0 265.09 2631.24;
1 0 0 0.46 1514.59 0 0.62 1415.34 1514.59 0 982.33 2929.93;
1 0 0 0.69 211.41 0 0.54 1453.76 211.41 0 162.96 1665.17;
1 0 0 0.69 843.11 0 0.52 1070.24 843.11 0 284.91 1913.35;
1 0 0 0.62 536.96 0 0.43 1506.89 536.96 0 882.62 2043.85;
1 0 0 0.78 1584.32 0 0.55 486.28 1584.32 0 683.61 2070.6;
1 0 0 0.67 1382.95 0 0.35 990.61 1382.95 0 197.92 2373.56;
1 0 0 0.97 349.62 0 0.27 519.19 349.62 0 527.82 868.81;
1 0 0 0.76 1806.09 0 0.45 525.69 1806.09 0 249.11 2331.78;
1 0 0 0.67 1621.13 0 0.47 454.42 1621.13 0 244.56 2075.56;
1 0 0 0.76 917.18 0 0.44 1387.59 917.18 0 671.09 2304.77;
1 0 0 0.75 1753.97 0 0.45 524.09 1753.97 0 428.28 2278.06;
1 0 0 0.55 547.91 0 0.62 1227.37 547.91 0 953.28 1775.28;
1 0 0 0.88 1845.79 0 0.36 854.9 1845.79 0 289.42 2700.69;
1 0 0 0.65 948.63 0 0.48 881.42 948.63 0 759.06 1830.04;
1 0 0 0.84 1415.1 0 0.75 435.3 1415.1 0 768.97 1850.4;
1 0 0 0.87 542.1 0 0.79 789.92 542.1 0 966.4 1332.03;
1 0 0 0.45 233.63 0 0.56 575.59 233.63 0 537.24 809.22;
1 0 0 0.65 888.56 0 0.66 429.43 888.56 0 647.13 1318;
1 0 0 0.76 1293.03 0 0.28 456.63 1293.03 0 141.65 1749.66;
1 0 0 0.66 260.71 0 0.53 904.46 260.71 0 644.94 1165.17;
1 0 0 0.7 737.88 0 0.65 1705.12 737.88 0 710.02 2443;
1 0 0 0.82 801.31 0 0.51 630.84 801.31 0 942.68 1432.14;
1 0 0 0.78 1593.42 0 0.49 835.83 1593.42 0 227.91 2429.24;
1 0 0 0.77 499.98 0 0.35 579.42 499.98 0 492.88 1079.41;
1 0 0 0.62 1326.88 0 0.36 736.87 1326.88 0 739.35 2063.75;
1 0 0 0.79 1637.02 0 0.49 1463.34 1637.02 0 588.24 3100.37;
1 0 0 0.7 1688.06 0 0.44 443.9 1688.06 0 253.11 2131.96;
1 0 0 0.76 1734.43 0 0.43 1967.36 1734.43 0 340.89 3701.79;
1 0 0 0.62 1648.16 0 0.73 534.78 1648.16 0 289.03 2182.93;
1 0 0 0.45 274.16 0 0.33 633 274.16 0 661.55 907.16;
1 0 0 0.66 1495.73 0 0.75 1270.16 1495.73 0 932.44 2765.89;
1 0 0 0.58 713.66 0 0.37 516.14 713.66 0 330.95 1229.8;
1 0 0 0.59 824.33 0 0.6 393.46 824.33 0 159.25 1217.79;
1 0 0 0.51 900.02 0 0.7 732.47 900.02 0 102.31 1632.49;
1 0 0 0.53 1295.36 0 0.59 972.19 1295.36 0 224.52 2267.55;
1 0 0 0.54 1090.75 0 0.43 1033.53 1090.75 0 130.54 2124.28;
1 0 0 0.66 1062.49 0 0.65 1798.57 1062.49 0 721.46 2861.06;
1 0 0 0.77 1196 0 0.34 1080.03 1196 0 595.89 2276.03;
1 0 0 0.98 691.38 0 0.38 1264.24 691.38 0 785.39 1955.62;
1 0 0 0.86 1747.02 0 0.35 1113.62 1747.02 0 144.4 2860.64;
1 0 0 0.73 1388.25 0 0.7 803.85 1388.25 0 755.79 2192.11;
1 0 0 0.88 342.66 0 0.48 433.39 342.66 0 882.1 776.05;
1 0 0 0.85 451.93 0 0.33 411.17 451.93 0 584.06 863.11;
1 0 0 0.81 916.45 0 0.56 496.74 916.45 0 253.78 1413.19;
1 0 0 0.38 278.51 0 0.49 1736.49 278.51 0 602.87 2015;
1 0 0 0.92 859.35 0 0.61 399.63 859.35 0 437.49 1258.98;
1 0 0 0.78 1653.17 0 0.75 636.6 1653.17 0 925.73 2289.77;
1 0 0 0.83 1263.22 0 0.45 1126.71 1263.22 0 311.37 2389.92;
1 0 0 0.8 457.88 0 0.46 408.54 457.88 0 990.11 866.42;
1 0 0 0.6 1003.42 0 0.36 255.72 1003.42 0 248.35 1259.14;
1 0 0 0.65 501.65 0 0.5 1488.09 501.65 0 226.49 1989.75;
1 0 0 0.86 1545.35 0 0.5 774.44 1545.35 0 402.42 2319.78;
1 0 0 0.78 1732.52 0 0.31 1367.9 1732.52 0 786.68 3100.42;
1 0 0 0.87 1738.48 0 0.8 1877.03 1738.48 0 629.32 3615.52;
1 0 0 0.62 632.77 0 0.61 761.42 632.77 0 745.13 1394.19;
1 0 0 0.84 1123.67 0 0.76 442.8 1123.67 0 564.26 1566.47;
1 0 0 0.74 1538.38 0 0.68 1316.14 1538.38 0 679.88 2854.52;
1 0 0 0.73 1511.6 0 0.65 1048.56 1511.6 0 181.51 2560.16;
1 0 0 0.58 1184.36 0 0.49 1891.61 1184.36 0 778.72 3075.97;
1 0 0 0.62 783.21 0 0.57 812.13 783.21 0 839.57 1595.34;
1 0 0 0.77 663.17 0 0.36 306.84 663.17 0 995.12 970.01;
1 0 0 0.79 464.27 0 0.62 742.41 464.27 0 936.63 1206.68;
1 0 0 0.88 1136.35 0 0.57 1123.17 1136.35 0 796.36 2259.52;
1 0 0 0.69 523.88 0 0.27 426.29 523.88 0 429.9 950.16;
1 0 0 0.87 529.53 0 0.43 728.64 529.53 0 161.98 1258.16;
1 0 0 0.68 369.53 0 0.33 230.9 369.53 0 720.75 600.43;
1 0 0 0.74 1508.03 0 0.27 720.46 1508.03 0 917.86 2228.49;
1 0 0 0.79 515.21 0 0.61 607.38 515.21 0 397.64 1122.59;
1 0 0 0.55 1061.8 0 0.58 222.1 1061.8 0 190.77 1283.9;
1 0 0 0.63 627.65 0 0.31 876.16 627.65 0 792.21 1503.82;
1 0 0 0.77 814.11 0 0.65 1301.17 814.11 0 920.34 2115.29;
1 0 0 0.51 1425.6 0 0.84 1808.11 1425.6 0 945.04 3233.71;
1 0 0 0.62 871.77 0 0.73 824.06 871.77 0 708.56 1695.83;
1 0 0 0.59 1930.81 0 0.61 1955.38 1930.81 0 650.44 3886.19;
1 0 0 0.67 1348.14 0 0.5 971.08 1348.14 0 305.34 2319.22;
1 0 0 0.7 318.63 0 0.5 813.75 318.63 0 259.71 1132.38;
1 0 0 0.84 771.56 0 0.82 1141.57 771.56 0 247.18 1913.13;
1 0 0 0.68 653.01 0 0.38 519.82 653.01 0 714.01 1172.83;
1 0 0 0.85 304.12 0 0.42 1181.45 304.12 0 790.71 1485.57;
1 0 0 0.88 211.85 0 0.63 787.76 211.85 0 744.53 999.61;
1 0 0 0.72 819.31 0 0.26 1497.78 819.31 0 980.26 2317.08;
1 0 0 0.75 1372.56 0 0.45 696.19 1372.56 0 550.38 2068.75;
1 0 0 0.77 993.9 0 0.6 1129.52 993.9 0 259.6 2123.43;
1 0 0 0.62 1709.22 0 0.32 963.89 1709.22 0 946.65 2673.11;
1 0 0 0.7 1536.19 0 0.56 222.85 1536.19 0 457.1 1759.04;
1 0 0 0.9 1221.63 0 0.58 1524.13 1221.63 0 530.86 2745.77;
1 0 0 0.66 730.03 0 0.24 250.42 730.03 0 905.21 980.45;
1 0 0 0.77 1353.51 0 0.46 972.89 1353.51 0 852.5 2326.4;
1 0 0 0.63 1520.15 0 0.49 1208.27 1520.15 0 564.18 2728.42;
1 0 0 0.84 1658.32 0 0.44 520.16 1658.32 0 116.92 2178.48;
1 0 0 0.72 1057.52 0 0.31 718.04 1057.52 0 419.37 1775.56;
1 0 0 0.73 1529.42 0 0.39 1935.69 1529.42 0 509.47 3465.11;
1 0 0 0.6 1416.57 0 0.73 590.83 1416.57 0 436.62 2007.4;
1 0 0 0.47 1025.19 0 0.65 1558.66 1025.19 0 788.6 2583.85;
1 0 0 0.83 279.67 0 0.46 1257.92 279.67 0 312.09 1537.58;
1 0 0 0.84 1178.22 0 0.32 1061.77 1178.22 0 388.38 2239.99;
1 0 0 0.75 249.74 0 0.43 1163.85 249.74 0 503.66 1413.59;
1 0 0 0.65 277.91 0 0.78 1638.73 277.91 0 489.38 1916.64;
1 0 0 0.84 235.73 0 0.53 1891.39 235.73 0 960.13 2127.12;
1 0 0 0.69 528.71 0 0.44 465.98 528.71 0 175.84 994.69;
1 0 0 0.72 1444.21 0 0.52 1917.24 1444.21 0 203.88 3361.45;
1 0 0 0.64 1294.83 0 0.24 1272.01 1294.83 0 232.75 2566.84;
1 0 0 0.62 1175.23 0 0.47 1472.7 1175.23 0 958.5 2647.93;
1 0 0 0.66 979.36 0 0.48 1453.63 979.36 0 384.75 2432.99;
1 0 0 0.59 393.97 0 0.3 275.55 393.97 0 403.04 669.52;
1 0 0 0.83 504.03 0 0.54 258.7 504.03 0 355.15 762.73;
1 0 0 0.65 1552.75 0 0.63 584.83 1552.75 0 727.58 2137.58;
1 0 0 0.58 675.09 0 0.78 600.79 675.09 0 697.62 1275.88;
1 0 0 0.67 1130.7 0 0.76 1536.14 1130.7 0 962.28 2666.83;
1 0 0 0.62 509.31 0 0.56 629.94 509.31 0 256.29 1139.25;
1 0 0 0.5 1398.8 0 0.65 1712.07 1398.8 0 332.64 3110.88;
1 0 0 0.78 1428.3 0 0.38 912.28 1428.3 0 712.52 2340.58;
1 0 0 0.6 1749.33 0 0.71 325.05 1749.33 0 989.18 2074.38;
1 0 0 0.63 210.85 0 0.58 1402.21 210.85 0 110.72 1613.06;
1 0 0 0.78 1295.74 0 0.74 1503.74 1295.74 0 314.7 2799.48;
1 0 0 0.56 1231.3 0 0.45 1203.49 1231.3 0 901.88 2434.79;
1 0 0 0.72 649.84 0 0.68 1234.33 649.84 0 370.49 1884.17;
1 0 0 0.84 1765.89 0 0.71 379.4 1765.89 0 858.28 2145.29;
1 0 0 0.62 1317.42 0 0.34 503.15 1317.42 0 164.34 1820.57;
1 0 0 0.63 1064.27 0 0.42 999.1 1064.27 0 707.44 2063.37;
1 0 0 0.62 1101.76 0 0.45 818.27 1101.76 0 791.77 1920.03;
1 0 0 0.78 1718.87 0 0.67 767.16 1718.87 0 298.22 2486.03;
1 0 0 0.53 1158.38 0 0.74 1081.33 1158.38 0 223.6 2239.7;
1 0 0 0.94 1608.33 0 0.44 1072.5 1608.33 0 567.83 2680.82;
1 0 0 0.81 1206.76 0 0.45 1186.62 1206.76 0 847.47 2393.37;
1 0 0 0.45 1498.82 0 0.41 1340 1498.82 0 769.63 2838.82;
1 0 0 0.71 736.48 0 0.48 1958.81 736.48 0 158.57 2695.28;
1 0 0 0.61 1467.86 0 0.86 1640.97 1467.86 0 510.02 3108.83;
1 0 0 0.52 966.16 0 0.34 1683.22 966.16 0 223.43 2649.38;
1 0 0 0.77 232.37 0 0.56 1016.37 232.37 0 214.01 1248.74;
1 0 0 0.64 1417.65 0 0.37 1283.59 1417.65 0 972.77 2701.25;
1 0 0 0.88 529.08 0 0.27 1581.04 529.08 0 681.43 2110.12;
1 0 0 0.62 599.66 0 0.38 1732.94 599.66 0 876.82 2332.6;
1 0 0 0.87 673.04 0 0.41 359.97 673.04 0 220.02 1033.01;
1 0 0 0.63 1338.05 0 0.7 1431.81 1338.05 0 928.59 2769.85;
1 0 0 0.81 585.41 0 0.33 664.5 585.41 0 757.87 1249.91;
1 0 0 0.4 1591.85 0 0.36 1804.7 1591.85 0 361.82 3396.55;
1 0 0 0.55 1943.18 0 0.66 1304.86 1943.18 0 255.15 3248.04;
1 0 0 0.74 507.78 0 0.55 1741.2 507.78 0 947.8 2248.97;
1 0 0 0.62 1322.11 0 0.51 832.3 1322.11 0 465.51 2154.41;
1 0 0 0.55 1694.01 0 0.48 1161.67 1694.01 0 720.34 2855.67;
1 0 0 0.53 1292.58 0 0.44 649.72 1292.58 0 679.36 1942.3;
1 0 0 0.34 1921.58 0 0.51 1632.97 1921.58 0 689.26 3554.55;
1 0 0 0.54 1806.93 0 0.39 1186.45 1806.93 0 124.6 2993.39;
1 0 0 0.7 1298.54 0 0.41 551.94 1298.54 0 657.01 1850.48;
1 0 0 0.93 378.34 0 0.58 1218.89 378.34 0 651.39 1597.23;
1 0 0 0.81 293.49 0 0.55 1286.95 293.49 0 715.81 1580.44;
1 0 0 0.62 594.77 0 0.52 1424.3 594.77 0 100.81 2019.07;
1 0 0 0.71 1832.73 0 0.53 1053.3 1832.73 0 394.25 2886.03;
1 0 0 0.82 1462.72 0 0.47 1248.73 1462.72 0 298.15 2711.45;
1 0 0 0.61 1258.61 0 0.79 1605.11 1258.61 0 507.59 2863.73;
1 0 0 0.6 1189.29 0 0.42 1580.74 1189.29 0 195.37 2770.03;
1 0 0 0.85 1012 0 0.31 233.94 1012 0 425.73 1245.95;
1 0 0 0.92 1028.88 0 0.29 862.5 1028.88 0 596.5 1891.38;
1 0 0 0.69 1859.53 0 0.56 1818.71 1859.53 0 641.4 3678.25;
1 0 0 0.64 1910.89 0 0.42 748.53 1910.89 0 742.57 2659.42;
1 0 0 0.63 406.32 0 0.36 857.4 406.32 0 536.42 1263.72;
1 0 0 0.73 841.74 0 0.48 530.55 841.74 0 378.98 1372.3;
1 0 0 0.55 1305.82 0 0.75 229.53 1305.82 0 360.19 1535.35;
1 0 0 0.32 1208.07 0 0.43 1814.26 1208.07 0 603.93 3022.33;
1 0 0 0.73 943.58 0 0.7 1047.05 943.58 0 621.17 1990.64;
1 0 0 0.75 1267.62 0 0.63 1655.13 1267.62 0 927.83 2922.75;
1 0 0 0.54 1339.09 0 0.58 1872.4 1339.09 0 445.34 3211.49;
1 0 0 0.67 1978.49 0 0.52 1093.08 1978.49 0 723.36 3071.58;
1 0 0 0.98 1512.53 0 0.39 1225.97 1512.53 0 435.4 2738.5;
1 0 0 0.72 419 0 0.74 1151.91 419 0 661.8 1570.91;
1 0 0 0.68 1611.12 0 0.58 497.54 1611.12 0 807.27 2108.65;
1 0 0 0.76 743.67 0 0.32 1227 743.67 0 164.86 1970.67;
1 0 0 0.54 1349.97 0 0.69 1681.92 1349.97 0 653.14 3031.9;
1 0 0 0.61 1272.01 0 0.19 1143.15 1272.01 0 434.11 2415.16;
1 0 0 1 1901.82 0 0.49 1573.54 1901.82 0 868.49 3475.35;
1 0 0 0.52 1362.76 0 0.66 1342.25 1362.76 0 898.67 2705;
1 0 0 0.71 1515.64 0 0.1 1017.26 1515.64 0 326.24 2532.9;
1 0 0 0.63 1673.73 0 0.46 574.08 1673.73 0 674.14 2247.81;
1 0 0 1 571.96 0 0.49 967.96 571.96 0 146.25 1539.92;
1 0 0 0.76 917.82 0 0.7 1803.75 917.82 0 602.77 2721.56;
1 0 0 0.9 826.48 0 0.71 1857.35 826.48 0 451.6 2683.83;
1 0 0 0.56 1956.35 0 0.75 810.22 1956.35 0 394.75 2766.57;
1 0 0 0.77 1756.91 0 0.54 993.41 1756.91 0 958.55 2750.31;
1 0 0 0.52 1633.75 0 0.62 1863.55 1633.75 0 805.2 3497.3;
1 0 0 0.49 471.29 0 0.69 734.53 471.29 0 531.26 1205.82;
1 0 0 0.77 1582.24 0 0.47 1657.36 1582.24 0 700.6 3239.6;
1 0 0 0.58 805.57 0 0.6 722.14 805.57 0 695.39 1527.71;
1 0 0 0.8 514.45 0 0.77 789.41 514.45 0 294.93 1303.86;
1 0 0 0.64 983.56 0 0.54 1614.94 983.56 0 109.08 2598.51;
1 0 0 0.64 974.68 0 0.32 847.12 974.68 0 909.22 1821.8;
1 0 0 0.54 1485.57 0 0.53 961.43 1485.57 0 153.14 2447;
1 0 0 0.85 995.98 0 0.56 1182.91 995.98 0 689.86 2178.89;
1 0 0 0.72 1771.13 0 0.46 1102.6 1771.13 0 407.99 2873.73;
1 0 0 0.71 1614.12 0 0.51 1212.34 1614.12 0 337.23 2826.45;
1 0 0 0.74 1246.83 0 0.4 1360.9 1246.83 0 512 2607.72;
1 0 0 0.72 477.94 0 0.73 1947.81 477.94 0 982.22 2425.75;
1 0 0 0.58 1281.58 0 0.55 1018.06 1281.58 0 365.18 2299.64;
1 0 0 0.79 1131.27 0 0.57 1917.23 1131.27 0 589.58 3048.49;
1 0 0 0.49 469.41 0 0.45 581.49 469.41 0 330.84 1050.9;
1 0 0 0.59 1081.82 0 0.53 1309.18 1081.82 0 587.87 2391;
1 0 0 0.81 1180.34 0 0.78 1708.93 1180.34 0 882.05 2889.26;
1 0 0 0.7 1146.02 0 0.66 751.76 1146.02 0 645.38 1897.78;
1 0 0 0.79 1021.54 0 0.56 1326.34 1021.54 0 225.32 2347.88;
1 0 0 0.9 807.7 0 0.69 1442.15 807.7 0 485.46 2249.85;
1 0 0 0.77 227.88 0 0.62 655.02 227.88 0 611.14 882.9;
1 0 0 0.8 1205.77 0 0.48 1401.98 1205.77 0 248.84 2607.75;
1 0 0 0.62 672.5 0 0.51 957.83 672.5 0 804.9 1630.33;
1 0 0 0.7 496.4 0 0.57 1922.32 496.4 0 621.1 2418.72;
1 0 0 0.63 1519.45 0 0.46 978.78 1519.45 0 749.97 2498.23;
1 0 0 0.45 293.45 0 0.36 374.02 293.45 0 411.5 667.47;
1 0 0 0.74 468.88 0 0.62 278.31 468.88 0 157.39 747.19;
1 0 0 0.91 738.75 0 0.47 1050.55 738.75 0 280.81 1789.29;
1 0 0 0.57 1838.77 0 0.42 1580.61 1838.77 0 208.08 3419.38;
1 0 0 0.59 750.34 0 0.36 587.71 750.34 0 498.49 1338.06;
1 0 0 0.58 1889.49 0 0.29 1022.09 1889.49 0 600.17 2911.58;
1 0 0 0.83 1634.57 0 0.47 1054.83 1634.57 0 974.52 2689.4;
1 0 0 0.49 1460.84 0 0.66 732.17 1460.84 0 166.78 2193.02;
1 0 0 0.68 593.7 0 0.37 322.58 593.7 0 523.53 916.28;
1 0 0 0.87 1530.59 0 0.38 1309.5 1530.59 0 255.89 2840.09;
1 0 0 0.58 1399.4 0 0.45 879.14 1399.4 0 688.65 2278.54;
1 0 0 0.52 1972.01 0 0.54 1393.04 1972.01 0 255.73 3365.05;
1 0 0 0.76 901.27 0 0.48 1955.44 901.27 0 961.72 2856.71;
1 0 0 0.77 1515.05 0 0.36 1931.03 1515.05 0 333.99 3446.08;
1 0 0 0.64 862.7 0 0.21 1254.58 862.7 0 194.37 2117.28;
1 0 0 0.56 1546.12 0 0.38 526.11 1546.12 0 944.69 2072.22;
1 0 0 0.93 891.99 0 0.55 1612.55 891.99 0 932.6 2504.54;
1 0 0 1 1858.93 0 0.52 982.51 1858.93 0 323.09 2841.44;
1 0 0 0.49 676.71 0 0.54 1737.79 676.71 0 916.25 2414.5;
1 0 0 0.78 1129.48 0 0.4 803.3 1129.48 0 431.53 1932.78;
1 0 0 0.83 529.38 0 0.23 1549.6 529.38 0 245.67 2078.98;
1 0 0 0.49 227.4 0 0.67 1041.08 227.4 0 483.95 1268.47;
1 0 0 0.58 1401.02 0 0.63 1957.22 1401.02 0 882.21 3358.24;
1 0 0 0.65 1288.24 0 0.55 1752.2 1288.24 0 635.76 3040.44;
1 0 0 0.7 1448.94 0 0.61 1014.23 1448.94 0 528.6 2463.17;
1 0 0 0.62 864.79 0 0.88 1223.84 864.79 0 178.18 2088.62;
1 0 0 0.47 1156.63 0 0.62 1244.8 1156.63 0 633.5 2401.43;
1 0 0 0.55 491.31 0 0.37 1680.4 491.31 0 501.46 2171.71;
1 0 0 0.64 1428.81 0 0.53 1459.13 1428.81 0 316.52 2887.94;
1 0 0 0.78 454.84 0 0.58 392.39 454.84 0 493.84 847.23;
1 0 0 0.69 1274.53 0 0.55 566.65 1274.53 0 580.44 1841.19;
1 0 0 0.91 999.3 0 0.26 1568.85 999.3 0 620.54 2568.15;
1 0 0 0.81 726.19 0 0.5 1912.69 726.19 0 302.37 2638.88;
1 0 0 0.59 1440.79 0 0.42 807.47 1440.79 0 924.06 2248.26;
1 0 0 0.71 779.52 0 0.35 702.76 779.52 0 241.24 1482.28;
1 0 0 0.82 577.87 0 0.6 1324.14 577.87 0 715.68 1902.02;
1 0 0 0.61 203.83 0 0.59 1041.27 203.83 0 819 1245.1;
1 0 0 0.92 1584.75 0 0.38 775.71 1584.75 0 646.65 2360.46;
1 0 0 0.72 1648.13 0 0.33 375.71 1648.13 0 853.45 2023.84;
1 0 0 0.75 1478.83 0 0.51 1886.87 1478.83 0 693.74 3365.7;
1 0 0 0.51 931.28 0 0.59 876.53 931.28 0 204.33 1807.81;
1 0 0 0.62 1634.01 0 0.46 1126.5 1634.01 0 828.59 2760.52;
1 0 0 0.81 1332.51 0 0.53 1540.37 1332.51 0 824.59 2872.87;
1 0 0 0.67 1712.3 0 0.45 1495.67 1712.3 0 324.5 3207.97;
1 0 0 0.76 1382.52 0 0.45 1419.2 1382.52 0 200.86 2801.72;
1 0 0 0.63 790.08 0 0.34 1218.64 790.08 0 933.21 2008.72;
1 0 0 0.69 1866.81 0 0.64 759.88 1866.81 0 684.13 2626.69;
1 0 0 0.64 486.38 0 0.65 1667.99 486.38 0 395.46 2154.37;
1 0 0 0.78 216.45 0 0.47 1176.26 216.45 0 650.68 1392.71;
1 0 0 0.68 1796.69 0 0.55 549.77 1796.69 0 653.62 2346.46;
1 0 0 0.79 467.93 0 0.46 454.05 467.93 0 153.32 921.98;
1 0 0 0.97 958.59 0 0.29 503.99 958.59 0 991.04 1462.58;
1 0 0 0.53 1660.25 0 0.52 729.34 1660.25 0 642.59 2389.58;
1 0 0 0.6 767.09 0 0.51 1600.89 767.09 0 566.46 2367.98;
1 0 0 0.57 489.38 0 0.33 281.93 489.38 0 986.43 771.31;
1 0 0 0.7 1934.15 0 0.71 1055.53 1934.15 0 642.47 2989.68;
1 0 0 0.79 1119.39 0 0.65 1659.54 1119.39 0 786.17 2778.93;
1 0 0 0.94 804.27 0 0.57 427.05 804.27 0 406.17 1231.31;
1 0 0 0.89 903.12 0 0.57 1018.54 903.12 0 858.19 1921.65;
1 0 0 0.75 1455.35 0 0.5 1813.06 1455.35 0 340.71 3268.41;
1 0 0 0.51 753.76 0 0.29 991.97 753.76 0 108.67 1745.73;
1 0 0 0.73 813.63 0 0.19 1061.83 813.63 0 957.3 1875.46;
1 0 0 0.68 1588.51 0 0.44 1679.44 1588.51 0 373.15 3267.95;
1 0 0 0.53 1089.96 0 0.46 1964.27 1089.96 0 560.54 3054.23;
1 0 0 0.72 1323.85 0 0.8 1954.05 1323.85 0 787.7 3277.9;
1 0 0 0.92 1907.62 0 0.59 1010.31 1907.62 0 362.18 2917.93;
1 0 0 0.62 220.37 0 0.26 210.77 220.37 0 376.55 431.15;
1 0 0 0.75 904.83 0 0.23 1774.8 904.83 0 868.74 2679.63;
1 0 0 0.48 722.92 0 0.6 681.78 722.92 0 488.71 1404.7;
1 0 0 0.92 463.15 0 0.79 1051.15 463.15 0 922.38 1514.3;
1 0 0 0.59 321.6 0 0.63 1002.34 321.6 0 387.11 1323.94;
1 0 0 0.49 1360 0 0.58 1890.62 1360 0 744.02 3250.61;
1 0 0 0.69 1576.99 0 0.33 980.32 1576.99 0 229.83 2557.31;
1 0 0 0.67 1058.69 0 0.27 924.11 1058.69 0 432.71 1982.8;
1 0 0 0.69 1703.05 0 0.62 1157.99 1703.05 0 255 2861.04;
1 0 0 0.71 677.59 0 0.61 1058.65 677.59 0 253.08 1736.24;
1 0 0 0.71 582.89 0 0.33 985.22 582.89 0 301.14 1568.1;
1 0 0 0.61 808.22 0 0.22 612.15 808.22 0 825.17 1420.37;
1 0 0 0.58 1104.32 0 0.55 658.07 1104.32 0 921.69 1762.39;
1 0 0 0.77 466.13 0 0.37 660.53 466.13 0 268.94 1126.66;
1 0 0 0.73 852.82 0 0.28 204.94 852.82 0 407.92 1057.75;
1 0 0 0.68 1757.21 0 0.5 533.85 1757.21 0 368.15 2291.06;
1 0 0 0.69 1945.49 0 0.6 1157.24 1945.49 0 484.11 3102.73;
1 0 0 0.88 365.12 0 0.72 1073.97 365.12 0 107.71 1439.08;
1 0 0 0.87 1383.66 0 0.31 1403.95 1383.66 0 579.05 2787.62;
1 0 0 0.65 1242.54 0 0.53 1039.21 1242.54 0 746.57 2281.75;
1 0 0 0.78 1322.38 0 0.35 781.1 1322.38 0 262.99 2103.48;
1 0 0 0.6 1820.99 0 0.41 1184.16 1820.99 0 672.08 3005.15;
1 0 0 0.64 1775.65 0 0.42 695.64 1775.65 0 629.76 2471.29;
1 0 0 0.72 286.26 0 0.34 845.65 286.26 0 151.4 1131.91;
1 0 0 0.75 746.54 0 0.53 1887.99 746.54 0 666.13 2634.53;
1 0 0 0.85 852.33 0 0.53 1039.34 852.33 0 603.54 1891.66;
1 0 0 0.74 605.92 0 0.5 406.05 605.92 0 601.87 1011.96;
1 0 0 0.75 714.85 0 0.65 1042.65 714.85 0 385.21 1757.5;
1 0 0 0.68 1464.68 0 0.27 918.46 1464.68 0 401.17 2383.14;
1 0 0 0.85 606.31 0 0.53 707.19 606.31 0 626.67 1313.5;
1 0 0 0.66 1280.74 0 0.46 708.06 1280.74 0 823.4 1988.8;
1 0 0 0.87 1804.58 0 0.46 1583.3 1804.58 0 952.64 3387.88;
1 0 0 0.55 1574.03 0 0.4 522.54 1574.03 0 575.57 2096.57;
1 0 0 0.51 1606.54 0 0.55 248.76 1606.54 0 479.5 1855.3;
1 0 0 0.55 1474.9 0 0.42 1179.14 1474.9 0 867.41 2654.04;
1 0 0 0.77 878.76 0 0.45 1531.41 878.76 0 773.63 2410.16;
1 0 0 0.61 298.73 0 0.46 535.73 298.73 0 483.84 834.46;
1 0 0 0.65 1526.62 0 0.55 1099.99 1526.62 0 805.99 2626.61;
1 0 0 0.58 1073.18 0 0.59 949.1 1073.18 0 627.04 2022.27;
1 0 0 0.61 1762.63 0 0.52 704.95 1762.63 0 270.89 2467.58;
1 0 0 0.67 683.2 0 0.55 416.37 683.2 0 415.48 1099.58;
1 0 0 0.72 212.98 0 0.67 1376.37 212.98 0 126.7 1589.34;
1 0 0 0.53 1664.39 0 0.5 571.8 1664.39 0 977.45 2236.18;
1 0 0 0.57 1881.87 0 0.38 1218.93 1881.87 0 679.05 3100.8;
1 0 0 0.8 1758.39 0 0.56 908.83 1758.39 0 293.47 2667.22;
1 0 0 0.83 1643.43 0 0.55 1700.65 1643.43 0 361.11 3344.08;
1 0 0 0.82 1993.44 0 0.76 1375.94 1993.44 0 204.71 3369.38;
1 0 0 0.83 1317.69 0 0.32 562.79 1317.69 0 582.84 1880.48;
1 0 0 0.59 1507.7 0 0.66 1508.48 1507.7 0 485.72 3016.18;
1 0 0 0.63 1530.49 0 0.34 1237.15 1530.49 0 213.32 2767.64;
1 0 0 0.61 666.34 0 0.36 1848.85 666.34 0 106.24 2515.18;
1 0 0 0.59 1666.07 0 0.37 1730.9 1666.07 0 939.9 3396.98;
1 0 0 0.52 1777.06 0 0.28 1680.71 1777.06 0 513.59 3457.77;
1 0 0 0.93 1675.57 0 0.6 955.67 1675.57 0 137.4 2631.23;
1 0 0 0.8 1810.15 0 0.65 1315.35 1810.15 0 566.82 3125.5;
1 0 0 0.72 1387.5 0 0.52 1938.74 1387.5 0 971.54 3326.24;
1 0 0 0.64 676.78 0 0.62 1372.55 676.78 0 622.15 2049.34;
1 0 0 0.8 628.92 0 0.55 1959.37 628.92 0 390.22 2588.29;
1 0 0 0.55 396.88 0 0.47 955.81 396.88 0 569.8 1352.69;
1 0 0 0.73 1465.22 0 0.46 1655.71 1465.22 0 751.96 3120.93;
1 0 0 0.68 1593.77 0 0.77 1028.15 1593.77 0 760.43 2621.92;
1 0 0 0.69 485.28 0 0.42 1550.22 485.28 0 310.05 2035.51;
1 0 0 0.84 1160.66 0 0.38 1787.04 1160.66 0 153.69 2947.7;
1 0 0 0.55 1110.63 0 0.67 694.31 1110.63 0 414.02 1804.95;
1 0 0 0.53 747.59 0 0.49 510.87 747.59 0 119.68 1258.46;
1 0 0 0.78 397.55 0 0.73 1927.75 397.55 0 280.72 2325.3;
1 0 0 0.63 1271.94 0 0.56 740.81 1271.94 0 975.64 2012.75;
1 0 0 0.77 1345.11 0 0.73 313.37 1345.11 0 723.31 1658.48;
1 0 0 0.81 207.15 0 0.54 1339.29 207.15 0 199.19 1546.44;
1 0 0 0.45 894.21 0 0.62 1763.74 894.21 0 160.64 2657.95;
1 0 0 0.57 396.29 0 0.65 939.53 396.29 0 402.82 1335.82;
1 0 0 0.57 757.33 0 0.44 337.7 757.33 0 510.28 1095.03;
1 0 0 0.79 688 0 0 1703.22 688 0 639.03 2391.22;
1 0 0 0.57 1977.18 0 0.55 377.54 1977.18 0 280.72 2354.72;
1 0 0 0.62 975.53 0 0.23 1230.62 975.53 0 877.12 2206.15;
1 0 0 0.71 266.12 0 0.72 1276.56 266.12 0 379.23 1542.68;
1 0 0 0.79 807.65 0 0.53 1955.53 807.65 0 454.14 2763.18;
1 0 0 0.69 1993.81 0 0.7 1097.26 1993.81 0 106.82 3091.07;
1 0 0 0.62 1601.5 0 0.61 932.51 1601.5 0 875.51 2534.01;
1 0 0 0.73 480.2 0 0.53 1229.24 480.2 0 663.41 1709.44;
1 0 0 0.61 917.44 0 0.36 1133.74 917.44 0 761.38 2051.18;
1 0 0 0.68 523.41 0 0.3 226.88 523.41 0 717.01 750.3;
1 0 0 0.84 1443.42 0 0.74 977.01 1443.42 0 812.19 2420.42;
1 0 0 0.87 1759.79 0 0.89 1829.01 1759.79 0 626.97 3588.8;
1 0 0 0.78 323.71 0 0.52 707.59 323.71 0 644.99 1031.3;
1 0 0 0.62 1612.65 0 0.46 805.04 1612.65 0 623 2417.7;
1 0 0 0.69 280.71 0 0.44 1364.63 280.71 0 204.07 1645.34;
1 0 0 0.57 1089.79 0 0.45 1256 1089.79 0 998.6 2345.79;
1 0 0 0.49 1982.34 0 0.35 838.2 1982.34 0 477.72 2820.54;
1 0 0 0.78 1101.18 0 0.34 413.12 1101.18 0 961.81 1514.3;
1 0 0 0.57 537.38 0 0.67 1360.08 537.38 0 289.66 1897.46;
1 0 0 0.65 953.49 0 0.38 1808.73 953.49 0 230.01 2762.23;
1 0 0 0.82 1361.64 0 0.54 1988.52 1361.64 0 423.56 3350.16;
1 0 0 0.82 549.1 0 0.33 1876.32 549.1 0 920.69 2425.42;
1 0 0 0.4 639.79 0 0.39 1181.35 639.79 0 589.18 1821.15;
1 0 0 0.81 1092.16 0 0.53 1896.03 1092.16 0 666.31 2988.19;
1 0 0 0.67 392.62 0 0.67 1250.04 392.62 0 211.52 1642.66;
1 0 0 0.75 1809.04 0 0.39 1770.04 1809.04 0 200.44 3579.09;
1 0 0 0.45 1105.32 0 0.67 1907.7 1105.32 0 610.2 3013.02;
1 0 0 0.97 1259.1 0 0.5 1156.97 1259.1 0 444.17 2416.06;
1 0 0 0.85 639.45 0 0.46 675.9 639.45 0 433.16 1315.35;
1 0 0 0.74 584.76 0 0.47 1953.39 584.76 0 761.66 2538.15;
1 0 0 0.61 885.1 0 0.48 406.94 885.1 0 726.28 1292.04;
1 0 0 0.49 413.98 0 0.37 1467.4 413.98 0 130.49 1881.38;
1 0 0 1 1940.59 0 0.61 1667.94 1940.59 0 662.06 3608.54;
1 0 0 0.74 529.87 0 0.45 1231.45 529.87 0 666.22 1761.32;
1 0 0 0.78 1088.22 0 0.4 663.64 1088.22 0 810.67 1751.86;
1 0 0 0.83 1046.25 0 0.54 1109.28 1046.25 0 329.19 2155.54;
1 0 0 0.64 1786.33 0 0.66 1046.42 1786.33 0 707.99 2832.75;
1 0 0 0.55 1121.64 0 0.4 1871.17 1121.64 0 248.83 2992.8;
1 0 0 0.92 1132.05 0 0.42 648.99 1132.05 0 606.27 1781.04;
1 0 0 0.76 974.51 0 0.24 386.58 974.51 0 501.38 1361.09;
1 0 0 0.69 1709.93 0 0.41 819.45 1709.93 0 612.55 2529.39;
1 0 0 0.8 453.59 0 0.55 1194.2 453.59 0 993.71 1647.79;
1 0 0 0.96 1395.73 0 0.35 1163.89 1395.73 0 990.36 2559.62;
1 0 0 0.68 1196.29 0 0.27 693.79 1196.29 0 258.88 1890.08;
1 0 0 0.77 1060.9 0 0.38 859.56 1060.9 0 119.89 1920.46;
1 0 0 0.81 1018.36 0 0.61 643.76 1018.36 0 607.32 1662.12;
1 0 0 0.65 431.62 0 0.64 1984.81 431.62 0 635.63 2416.42;
1 0 0 0.65 506.03 0 0.62 1681.65 506.03 0 716.82 2187.68;
1 0 0 0.69 429.04 0 0.62 575.8 429.04 0 426.63 1004.84;
1 0 0 0.64 829.81 0 0.53 1535.63 829.81 0 542.55 2365.43;
1 0 0 0.46 1754.1 0 0.53 599.36 1754.1 0 203.7 2353.46;
1 0 0 0.51 1987.47 0 0.31 1483.26 1987.47 0 595.31 3470.73;
1 0 0 0.73 1232.53 0 0.44 970.75 1232.53 0 697.69 2203.28;
1 0 0 0.75 832.98 0 0.77 874.08 832.98 0 798.75 1707.06;
1 0 0 0.65 1198.44 0 0.61 1942.95 1198.44 0 471.58 3141.38;
1 0 0 0.72 801.17 0 0.51 1376.37 801.17 0 754.34 2177.53;
1 0 0 0.66 1791.02 0 0.54 1705.99 1791.02 0 809.63 3497.01;
1 0 0 0.69 459.08 0 0.45 1420.25 459.08 0 327.99 1879.33;
1 0 0 0.68 1911.38 0 0.71 1901.76 1911.38 0 963.26 3813.14;
1 0 0 0.58 242.05 0 0.64 1469.86 242.05 0 348.29 1711.91;
1 0 0 0.73 1617.21 0 0.68 545.45 1617.21 0 974.6 2162.66;
1 0 0 0.48 1873.42 0 0.7 874.18 1873.42 0 550.7 2747.6;
1 0 0 0.74 775.45 0 0.59 522.45 775.45 0 407.42 1297.9;
1 0 0 0.58 1849.7 0 0.68 1847.39 1849.7 0 660.21 3697.09;
1 0 0 0.66 1406.61 0 0.56 1548.35 1406.61 0 893.67 2954.96;
1 0 0 0.61 1194.31 0 0.38 1595.67 1194.31 0 669.64 2789.98;
1 0 0 0.81 671.52 0 0.87 687.34 671.52 0 981.62 1358.87;
1 0 0 0.71 1381.63 0 0.16 1881.66 1381.63 0 316.81 3263.29;
1 0 0 0.59 292.05 0 0.31 1913.89 292.05 0 825.79 2205.95;
1 0 0 0.59 1221.67 0 0.45 1177.05 1221.67 0 992.34 2398.73;
1 0 0 0.66 1481.51 0 0.56 1998.81 1481.51 0 455.95 3480.32;
1 0 0 0.87 780.49 0 0.62 1328.64 780.49 0 503.02 2109.13;
1 0 0 0.58 1819.98 0 0.49 447.24 1819.98 0 787.35 2267.22;
1 0 0 0.75 542.95 0 0.45 1639.38 542.95 0 274.3 2182.33;
1 0 0 0.65 401.02 0 0.38 920.85 401.02 0 385.68 1321.88;
1 0 0 0.67 897.38 0 0.67 1846.5 897.38 0 442.28 2743.89;
1 0 0 0.76 961.38 0 0.43 1882.29 961.38 0 549.28 2843.67;
1 0 0 0.56 1699.18 0 0.75 1565.26 1699.18 0 137.23 3264.44;
1 0 0 0.65 691.57 0 0.3 1890.93 691.57 0 991.36 2582.5;
1 0 0 0.56 1698.21 0 0.48 590.15 1698.21 0 680.39 2288.36;
1 0 0 0.9 1294.83 0 0.11 433.46 1294.83 0 858.42 1728.29;
1 0 0 0.63 1734.45 0 0.63 1765.9 1734.45 0 334.9 3500.35;
1 0 0 0.8 377.86 0 0.5 401.42 377.86 0 884.63 779.28;
1 0 0 0.45 1776.46 0 0.42 1542.3 1776.46 0 525.9 3318.77;
1 0 0 0.78 251.35 0 0.47 1379.65 251.35 0 485.65 1631;
1 0 0 0.59 967.29 0 0.53 1461.04 967.29 0 460.9 2428.32;
1 0 0 1 1871.19 0 0.45 1164.62 1871.19 0 630.81 3035.81;
1 0 0 0.68 1179.25 0 0.29 515.34 1179.25 0 192.66 1694.59;
1 0 0 0.79 1569.59 0 0.08 1364.33 1569.59 0 493.54 2933.92;
1 0 0 0.61 1028.83 0 0.51 1738.68 1028.83 0 141.45 2767.5;
1 0 0 0.76 1824.44 0 0.53 603.68 1824.44 0 976.6 2428.12;
1 0 0 1 1448.85 0 0.58 575.61 1448.85 0 539.67 2024.46;
1 0 0 0.64 1702.62 0 0.35 1125.2 1702.62 0 456.78 2827.81;
1 0 0 0.62 311.63 0 0.34 1643.22 311.63 0 481.29 1954.85;
1 0 0 0.63 387.09 0 0.42 1609.17 387.09 0 360.46 1996.26;
1 0 0 0.8 399.7 0 0.27 237.24 399.7 0 249.46 636.94;
1 0 0 0.67 366.01 0 0.64 699.65 366.01 0 639.03 1065.66;
1 0 0 0.65 1787.3 0 0.52 302.01 1787.3 0 225.33 2089.3;
1 0 0 0.68 1827.12 0 0.69 1984.43 1827.12 0 392.9 3811.55;
1 0 0 0.6 460.71 0 0.68 599.74 460.71 0 631.86 1060.45;
1 0 0 0.65 1250.81 0 0.64 491.21 1250.81 0 831.29 1742.02;
1 0 0 0.95 1904.12 0 0.58 1242.72 1904.12 0 944.8 3146.84;
1 0 0 0.52 221.87 0 0.45 1343.48 221.87 0 949.7 1565.35;
1 0 0 0.69 213.88 0 0.41 504.82 213.88 0 278.94 718.7;
1 0 0 0.56 868.24 0 0.49 588.26 868.24 0 878.57 1456.51;
1 0 0 0.6 1157.59 0 0.37 1698.46 1157.59 0 881.19 2856.06;
1 0 0 0.86 1379.83 0 0.4 1808.08 1379.83 0 710.74 3187.91;
1 0 0 0.75 1503.64 0 0.37 1876.51 1503.64 0 397.83 3380.15;
1 0 0 0.82 1083.38 0 0.4 1518.45 1083.38 0 779.14 2601.82;
1 0 0 0.63 1428.93 0 0.91 1584.39 1428.93 0 427.64 3013.32;
1 0 0 0.55 858.97 0 0.59 800.29 858.97 0 624.67 1659.26;
1 0 0 0.81 1051.18 0 0.52 1067.36 1051.18 0 395.95 2118.54;
1 0 0 0.79 1597.78 0 0.4 200.97 1597.78 0 361.18 1798.75;
1 0 0 0.63 1726.97 0 0.65 750.57 1726.97 0 744.49 2477.54;
1 0 0 0.41 1064.33 0 0.63 971.35 1064.33 0 627.28 2035.68;
1 0 0 0.7 964.73 0 0.54 981.09 964.73 0 317.37 1945.82;
1 0 0 0.76 938.88 0 0.64 1452.17 938.88 0 719.93 2391.05;
1 0 0 0.59 974.5 0 0.5 833.99 974.5 0 434.36 1808.5;
1 0 0 0.74 1137.72 0 0.48 741.53 1137.72 0 617.16 1879.25;
1 0 0 0.58 857.14 0 0.61 524.9 857.14 0 331.96 1382.05;
1 0 0 0.77 1499.64 0 0.7 867.92 1499.64 0 662.32 2367.56;
1 0 0 0.75 1573.64 0 0.46 1165.3 1573.64 0 339.13 2738.94;
1 0 0 0.73 870.57 0 0.65 1706.37 870.57 0 841.57 2576.94;
1 0 0 0.57 246.82 0 0.37 857.41 246.82 0 669.9 1104.22;
1 0 0 0.61 278.24 0 0.16 1275.38 278.24 0 614.32 1553.62;
1 0 0 0.72 410.07 0 0.49 1085.1 410.07 0 881.52 1495.17;
1 0 0 0.82 1373.26 0 0.88 1001.28 1373.26 0 964.45 2374.54;
1 0 0 0.72 844.69 0 0.54 1778.4 844.69 0 288.99 2623.08;
1 0 0 0.57 1626.63 0 0.52 285.13 1626.63 0 286.79 1911.76;
1 0 0 0.89 1833.82 0 0.19 1109.08 1833.82 0 633.09 2942.9;
1 0 0 0.66 1987.81 0 0.64 816.11 1987.81 0 606.06 2803.92;
1 0 0 0.66 1904.32 0 0.54 258.57 1904.32 0 967.41 2162.89;
1 0 0 0.69 1769.84 0 0.39 1645.06 1769.84 0 960.69 3414.9;
1 0 0 0.6 664.25 0 0.45 343.92 664.25 0 362.63 1008.17;
1 0 0 0.65 340.77 0 0.59 1675.98 340.77 0 341.26 2016.76;
1 0 0 0.74 292.14 0 0.42 1714.63 292.14 0 594.49 2006.77;
1 0 0 0.68 935.02 0 0.39 279.48 935.02 0 300.31 1214.5;
1 0 0 0.66 619.84 0 0.66 1471.2 619.84 0 517.11 2091.04;
1 0 0 0.66 1361.71 0 0.68 789.68 1361.71 0 916.71 2151.39;
1 0 0 0.35 846.33 0 0.45 1329.52 846.33 0 770.33 2175.86;
1 0 0 0.41 1790.44 0 0.2 561.51 1790.44 0 269.41 2351.95;
1 0 0 0.6 1194.97 0 0.56 1150.21 1194.97 0 851.71 2345.18;
1 0 0 0.91 995.38 0 0.31 992.92 995.38 0 275.03 1988.3;
1 0 0 0.6 1557.02 0 0.58 1681.24 1557.02 0 178.26 3238.26;
1 0 0 0.77 549.84 0 0.46 551.56 549.84 0 761.2 1101.39;
1 0 0 0.8 1017.65 0 0.65 1365.17 1017.65 0 445.48 2382.81;
1 0 0 0.76 1162.04 0 0.43 943.58 1162.04 0 805.58 2105.63;
1 0 0 0.71 253.57 0 0.39 748.89 253.57 0 903.98 1002.46;
1 0 0 0.9 1807.95 0 0.49 270.83 1807.95 0 355.39 2078.78;
1 0 0 0.66 987.83 0 0.6 1851.37 987.83 0 503.35 2839.2;
1 0 0 0.51 639.37 0 0.55 1612.3 639.37 0 722.59 2251.68;
1 0 0 0.65 919.38 0 0.28 1486.44 919.38 0 934.25 2405.82;
1 0 0 0.54 907.11 0 0.45 1609.4 907.11 0 271.74 2516.52;
1 0 0 0.49 1133.26 0 0.35 265.34 1133.26 0 773.7 1398.6;
1 0 0 0.95 551.03 0 0.45 1060.77 551.03 0 881.58 1611.8;
1 0 0 0.62 1540.39 0 0.57 970.19 1540.39 0 914.87 2510.58;
1 0 0 0.64 1760.36 0 0.43 843.55 1760.36 0 108.94 2603.91;
1 0 0 0.78 1185.54 0 0.34 489.51 1185.54 0 978.78 1675.04;
1 0 0 0.64 1593.15 0 0.65 603.97 1593.15 0 387.73 2197.12;
1 0 0 0.86 280.38 0 0.63 1003.5 280.38 0 569.81 1283.87;
1 0 0 0.77 331.04 0 0.5 356.06 331.04 0 601.23 687.1;
1 0 0 0.92 1880.77 0 0.51 992.65 1880.77 0 655.13 2873.42;
1 0 0 0.82 1111.33 0 0.22 1860.16 1111.33 0 988.72 2971.49;
1 0 0 0.73 292.81 0 0.3 1317.5 292.81 0 640.68 1610.31;
1 0 0 0.68 369.94 0 0.28 1126.57 369.94 0 726.62 1496.51;
1 0 0 0.68 502.62 0 0.48 1591.47 502.62 0 926.89 2094.09;
1 0 0 0.65 304.48 0 0.41 705.08 304.48 0 874.74 1009.56;
1 0 0 0.49 289.79 0 0.75 1006.34 289.79 0 310.1 1296.13;
1 0 0 0.56 666.63 0 0.56 1886.95 666.63 0 184.89 2553.58;
1 0 0 0.69 758.29 0 0.44 203.44 758.29 0 556.35 961.73;
1 0 0 0.76 824.31 0 0.46 434.62 824.31 0 451.31 1258.94;
1 0 0 0.82 466.45 0 0.45 1221.9 466.45 0 240.75 1688.35;
1 0 0 0.52 768.93 0 0.22 686.66 768.93 0 715.97 1455.59;
1 0 0 0.68 785.94 0 0.27 323.24 785.94 0 461.83 1109.19;
1 0 0 0.71 1976.18 0 0.51 306.43 1976.18 0 984.77 2282.61;
1 0 0 0.79 1657.39 0 0.72 1286.46 1657.39 0 997.42 2943.84;
1 0 0 0.45 1403.42 0 0.32 1779.95 1403.42 0 870.68 3183.38;
1 0 0 0.57 440.16 0 0.51 219.34 440.16 0 654.22 659.49;
1 0 0 0.6 959.67 0 0.77 296.46 959.67 0 431.77 1256.13;
1 0 0 0.86 857.45 0 0.42 1941.22 857.45 0 916.4 2798.67;
1 0 0 0.73 1153.01 0 0.48 629.87 1153.01 0 871.57 1782.88;
1 0 0 0.59 593.49 0 0.37 295.77 593.49 0 201.24 889.26;
1 0 0 0.82 317.22 0 0.48 626.22 317.22 0 788.32 943.44;
1 0 0 0.76 507.46 0 0.33 322.34 507.46 0 463.84 829.81;
1 0 0 0.83 1806.57 0 0.7 240.55 1806.57 0 315.41 2047.11;
1 0 0 0.68 639.62 0 0.66 904.51 639.62 0 838.91 1544.13;
1 0 0 0.54 1981.56 0 0.81 944.21 1981.56 0 422.92 2925.77;
1 0 0 0.97 1992.56 0 0.46 212.53 1992.56 0 723.7 2205.09;
1 0 0 0.59 509.09 0 0.46 1296.97 509.09 0 554.71 1806.06;
1 0 0 0.54 1199.5 0 0.54 1766.49 1199.5 0 975.14 2965.98;
1 0 0 0.73 301.77 0 0.53 298.23 301.77 0 728.4 600;
1 0 0 0.64 1814.31 0 0.46 1780.77 1814.31 0 645.98 3595.08;
1 0 0 0.63 757.01 0 0.61 1302.52 757.01 0 230.53 2059.53;
1 0 0 0.44 429.06 0 0.48 683.41 429.06 0 700.79 1112.46;
1 0 0 0.59 1390.93 0 0.51 572.85 1390.93 0 660.57 1963.78;
1 0 0 0.81 787.01 0 0.5 1431.18 787.01 0 429.3 2218.19;
1 0 0 0.42 354 0 0.62 1291.81 354 0 265.41 1645.81;
1 0 0 0.82 1932.03 0 0.76 317.38 1932.03 0 599.95 2249.41;
1 0 0 0.75 1503.59 0 0.61 214.35 1503.59 0 354.52 1717.93;
1 0 0 0.64 1013.1 0 0.39 695.43 1013.1 0 320.8 1708.53;
1 0 0 0.81 1651.03 0 0.53 1624.38 1651.03 0 170.79 3275.41;
1 0 0 0.65 1401.27 0 0.36 1741.28 1401.27 0 444.46 3142.55;
1 0 0 0.79 397.15 0 0.42 1332.75 397.15 0 613.14 1729.9;
1 0 0 0.77 561.36 0 0.6 955.89 561.36 0 230.38 1517.25;
1 0 0 0.73 1912.66 0 0.74 207.68 1912.66 0 869.85 2120.34;
1 0 0 0.68 1658.42 0 0.53 232.36 1658.42 0 110.92 1890.77;
1 0 0 0.73 1792.21 0 0.74 1258.78 1792.21 0 673.74 3050.99;
1 0 0 0.82 1810.87 0 0.71 1268.15 1810.87 0 893.36 3079.02;
1 0 0 0.58 438.47 0 0.67 1460.53 438.47 0 767.57 1899;
1 0 0 0.66 1217.59 0 0.56 1061.31 1217.59 0 164.49 2278.9;
1 0 0 0.54 1916.46 0 0.24 1014.15 1916.46 0 421.15 2930.61;
1 0 0 0.78 725.76 0 0.43 295.3 725.76 0 666.33 1021.06;
1 0 0 0.56 944.23 0 0.72 1645.66 944.23 0 738.67 2589.89;
1 0 0 0.71 1116.22 0 0.64 1036.5 1116.22 0 858.61 2152.73;
1 0 0 0.73 1791.58 0 0.56 1358.19 1791.58 0 374.55 3149.77;
1 0 0 0.65 682.58 0 0.66 841.08 682.58 0 838.04 1523.66;
1 0 0 0.63 849.9 0 0.69 308.44 849.9 0 935.48 1158.33;
1 0 0 0.62 1675.49 0 0.64 490.05 1675.49 0 578.9 2165.54;
1 0 0 0.72 861.24 0 0.47 653.97 861.24 0 179.09 1515.21;
1 0 0 0.62 1598.56 0 0.62 291.71 1598.56 0 864.14 1890.28;
1 0 0 0.7 772.96 0 0.6 1338.98 772.96 0 448.03 2111.93;
1 0 0 0.7 1342.75 0 0.18 1466.82 1342.75 0 970.49 2809.58;
1 0 0 0.61 1520.23 0 0.79 355.01 1520.23 0 359.51 1875.24;
1 0 0 0.71 1923.32 0 0.63 1920.52 1923.32 0 753.88 3843.84;
1 0 0 0.63 1345.93 0 0.33 913.47 1345.93 0 306.34 2259.4;
1 0 0 0.75 927.91 0 0.58 1784.53 927.91 0 532.09 2712.45;
1 0 0 0.73 690.47 0 0.58 1285.7 690.47 0 181.42 1976.17;
1 0 0 0.63 437.23 0 0.44 729.97 437.23 0 162.37 1167.21;
1 0 0 0.84 1612.24 0 0.43 230.58 1612.24 0 410.85 1842.82;
1 0 0 0.7 944.73 0 0.85 757.31 944.73 0 634.6 1702.04;
1 0 0 0.69 420.52 0 0.23 407.84 420.52 0 206.68 828.36;
1 0 0 0.65 629.73 0 0.34 1760.48 629.73 0 362.87 2390.21;
1 0 0 0.54 1485.3 0 0.81 1215.64 1485.3 0 791.31 2700.94;
1 0 0 0.76 444.91 0 0.54 205.73 444.91 0 444.79 650.65;
1 0 0 0.69 1057.1 0 0.7 1331.42 1057.1 0 731.89 2388.52;
1 0 0 0.49 1240.22 0 0.36 368.07 1240.22 0 416.63 1608.29;
1 0 0 0.8 1998.56 0 0.77 1259.53 1998.56 0 584.08 3258.09;
1 0 0 0.66 1760.67 0 0.51 1244.03 1760.67 0 791.93 3004.7;
1 0 0 0.78 273.98 0 0.4 1378.53 273.98 0 981.03 1652.52;
1 0 0 0.7 1887.11 0 0.38 265.27 1887.11 0 130.83 2152.38;
1 0 0 0.76 1352.66 0 0.54 1868.6 1352.66 0 172.12 3221.26;
1 0 0 0.85 1465.22 0 0.44 532.56 1465.22 0 767.78 1997.78;
1 0 0 0.51 1478.36 0 0.54 662.22 1478.36 0 414.66 2140.58;
1 0 0 0.65 259.32 0 0.49 404.65 259.32 0 396.17 663.97;
1 0 0 0.65 498.85 0 0.54 631 498.85 0 434.98 1129.85;
1 0 0 0.64 1600.11 0 0.67 518.09 1600.11 0 719.29 2118.19;
1 0 0 0.84 1747.37 0 0.46 1761.42 1747.37 0 763.33 3508.8;
1 0 0 0.83 1199.7 0 0.39 864.06 1199.7 0 651.07 2063.75;
1 0 0 0.61 1305.43 0 0.69 1905.21 1305.43 0 834.29 3210.64;
1 0 0 0.63 1897.5 0 0.53 848.78 1897.5 0 884.98 2746.28;
1 0 0 0.68 1456.98 0 0.38 1624.65 1456.98 0 952.69 3081.64;
1 0 0 0.72 513.55 0 0.58 1171.41 513.55 0 464.2 1684.96;
1 0 0 0.78 466.51 0 0.39 1901.98 466.51 0 943.85 2368.5;
1 0 0 0.65 780.3 0 0.39 1242.59 780.3 0 541.7 2022.89;
1 0 0 0.65 1247.61 0 0.52 658.84 1247.61 0 837.04 1906.44;
1 0 0 0.65 1853.59 0 0.28 1740.89 1853.59 0 624.07 3594.48;
1 0 0 0.7 1418.16 0 0.45 815.84 1418.16 0 909.24 2233.99;
1 0 0 0.62 1771.99 0 0.6 218.1 1771.99 0 912.2 1990.09;
1 0 0 0.58 817.28 0 0.37 942.66 817.28 0 455.3 1759.94;
1 0 0 0.71 501.42 0 0.3 505.94 501.42 0 305.02 1007.36;
1 0 0 0.75 568.41 0 0.46 1620.87 568.41 0 953.67 2189.27;
1 0 0 0.66 1069.66 0 0.42 1876.35 1069.66 0 534.04 2946.01;
1 0 0 0.74 421.36 0 0.51 1927.76 421.36 0 660.4 2349.12;
1 0 0 1 1772.18 0 0.27 1937.68 1772.18 0 538.83 3709.87;
1 0 0 0.58 1731.14 0 0.18 1114.42 1731.14 0 621.11 2845.56;
1 0 0 0.67 212.47 0 0.4 1829.54 212.47 0 167.12 2042.01;
1 0 0 0.86 1092.29 0 0.44 1319.57 1092.29 0 885.38 2411.85;
1 0 0 0.69 747.92 0 0.43 972.1 747.92 0 282.04 1720.02;
1 0 0 0.71 1209.22 0 0.41 1676.43 1209.22 0 235.98 2885.64;
1 0 0 0.66 941.69 0 0.31 865.78 941.69 0 287.95 1807.47;
1 0 0 0.52 1284.82 0 0.5 1921.14 1284.82 0 427.46 3205.96;
1 0 0 0.59 1157.61 0 0.38 765.29 1157.61 0 423.22 1922.9;
1 0 0 0.69 564.56 0 0.59 1830.2 564.56 0 360.69 2394.77;
1 0 0 0.73 691.48 0 0.61 1502.06 691.48 0 529.01 2193.54;
1 0 0 0.79 1983.37 0 0.51 1429.72 1983.37 0 112.33 3413.08;
1 0 0 0.66 1084.22 0 0.51 826.42 1084.22 0 178.93 1910.64;
1 0 0 0.88 631.89 0 0.4 1755.7 631.89 0 542.78 2387.59;
1 0 0 0.95 559.81 0 0.47 1129.45 559.81 0 282.9 1689.26;
1 0 0 0.85 1907.21 0 0.86 362.98 1907.21 0 140.22 2270.2;
1 0 0 0.67 1939.44 0 0.33 390.47 1939.44 0 274.77 2329.91;
1 0 0 0.81 706.85 0 0.41 1898.61 706.85 0 511.53 2605.46;
1 0 0 0.87 614.15 0 0.45 1145.04 614.15 0 814.71 1759.2;
1 0 0 0.62 871.31 0 0.83 1732.27 871.31 0 462.98 2603.58;
1 0 0 0.69 1066.04 0 0.34 1693.32 1066.04 0 355.65 2759.36;
1 0 0 0.52 935.97 0 0.32 1552.31 935.97 0 758.04 2488.28;
1 0 0 0.87 377.71 0 0.85 593.5 377.71 0 410.61 971.22;
1 0 0 0.53 356.43 0 0.3 1574.04 356.43 0 110.31 1930.47;
1 0 0 0.99 938.39 0 0.64 681.55 938.39 0 903.35 1619.94;
1 0 0 0.75 1040.03 0 0.46 1618.88 1040.03 0 340.95 2658.91;
1 0 0 0.6 498.05 0 0.42 1708.44 498.05 0 170.11 2206.49;
1 0 0 0.69 1161.05 0 0.55 659.98 1161.05 0 668.13 1821.02;
1 0 0 0.48 869.38 0 0.27 334.32 869.38 0 258.66 1203.7;
1 0 0 0.87 1680.86 0 0.55 1812.22 1680.86 0 108.25 3493.08;
1 0 0 0.68 795.76 0 0.42 331.89 795.76 0 527.02 1127.64;
1 0 0 0.38 1136.51 0 0.51 632.15 1136.51 0 939.02 1768.67;
1 0 0 0.62 557.26 0 0.28 658 557.26 0 791.17 1215.26;
1 0 0 0.68 1583.11 0 0.58 1223.92 1583.11 0 573.17 2807.03;
1 0 0 0.61 1402.18 0 0.56 266 1402.18 0 151.18 1668.18;
1 0 0 0.75 1648.53 0 0.39 1078.33 1648.53 0 169.55 2726.86;
1 0 0 0.72 1332.33 0 0.44 688.98 1332.33 0 752.43 2021.31;
1 0 0 0.82 1830.42 0 0.41 1104.27 1830.42 0 438.02 2934.69;
1 0 0 0.73 1698.25 0 0.35 1279.6 1698.25 0 858.32 2977.85;
1 0 0 0.68 790.56 0 0.43 718.72 790.56 0 318.26 1509.28;
1 0 0 0.62 1337.7 0 0.56 720.37 1337.7 0 750.9 2058.08;
1 0 0 0.84 941.74 0 0.54 1311.85 941.74 0 432.62 2253.59;
1 0 0 0.63 1997.46 0 0.55 1437.48 1997.46 0 179.64 3434.95;
1 0 0 0.63 998.98 0 0.81 413.85 998.98 0 114.72 1412.83;
1 0 0 0.78 1491.55 0 0.4 1270.15 1491.55 0 113.2 2761.7;
1 0 0 0.76 782.38 0 0.61 470.54 782.38 0 171.29 1252.92;
1 0 0 0.87 1577.49 0 0.82 772.55 1577.49 0 191.63 2350.04;
1 0 0 0.64 215.93 0 0.49 693.8 215.93 0 321.93 909.72;
1 0 0 0.55 443.22 0 0.48 806.63 443.22 0 271.02 1249.85;
1 0 0 0.76 1685.55 0 0.34 817.97 1685.55 0 394.09 2503.53;
1 0 0 0.78 1417.88 0 0.57 1864.94 1417.88 0 411.57 3282.82;
1 0 0 0.72 877.41 0 0.76 1850.82 877.41 0 988.55 2728.23;
1 0 0 0.74 1643.39 0 0.4 1423.73 1643.39 0 848.87 3067.12;
1 0 0 0.85 839.13 0 0.23 1416.14 839.13 0 780.73 2255.27;
1 0 0 0.63 1661.29 0 0.33 1708.58 1661.29 0 527.9 3369.87;
1 0 0 0.58 896.53 0 0.39 1561.5 896.53 0 710.19 2458.03;
1 0 0 0.8 1830.74 0 0.31 1125.35 1830.74 0 250.36 2956.09;
1 0 0 0.47 1344.77 0 0.58 910.84 1344.77 0 881.16 2255.6;
1 0 0 0.77 1921.58 0 0.56 1180.57 1921.58 0 832.44 3102.15;
1 0 0 0.53 1438.74 0 0.49 827.28 1438.74 0 980.52 2266.02;
1 0 0 0.63 1989.79 0 0.61 1268.71 1989.79 0 846.68 3258.5;
1 0 0 0.74 1313.66 0 0.54 1626.97 1313.66 0 796.13 2940.62;
1 0 0 0.69 1812.72 0 0.66 968.35 1812.72 0 816.37 2781.07;
1 0 0 0.5 1079.32 0 0.76 943.01 1079.32 0 405.81 2022.33;
1 0 0 0.71 1584.87 0 0.68 1199.03 1584.87 0 823.2 2783.9;
1 0 0 0.59 682.64 0 0.44 962.06 682.64 0 947.48 1644.7;
1 0 0 0.77 988.29 0 0.35 516.66 988.29 0 191.57 1504.94;
1 0 0 0.6 1647.84 0 0.33 521.32 1647.84 0 850.23 2169.16;
1 0 0 0.69 1831.48 0 0.49 1232.88 1831.48 0 170.74 3064.36;
1 0 0 0.52 1558.07 0 0.36 412.23 1558.07 0 494.64 1970.3;
1 0 0 0.62 1880.06 0 0.49 1045.76 1880.06 0 934.16 2925.83;
1 0 0 0.76 1163.08 0 0.34 222.22 1163.08 0 359.94 1385.3;
1 0 0 0.67 1699.79 0 0.5 805.87 1699.79 0 758.4 2505.67;
1 0 0 0.81 717 0 0.53 291.96 717 0 447.37 1008.96;
1 0 0 0.6 1894.34 0 0.7 1349.58 1894.34 0 215.92 3243.92;
1 0 0 0.82 1464.99 0 0.71 1978.64 1464.99 0 599.41 3443.62;
1 0 0 0.54 1557.21 0 0.63 1093.17 1557.21 0 433.35 2650.37;
1 0 0 0.79 1621.41 0 0.52 718.5 1621.41 0 655.15 2339.91;
1 0 0 0.76 1297.33 0 0.31 1754.48 1297.33 0 835.47 3051.81;
1 0 0 0.58 1551.72 0 0.49 1917.84 1551.72 0 512.21 3469.55;
1 0 0 0.96 318.8 0 0.42 1915.13 318.8 0 828.85 2233.93;
1 0 0 0.57 1261.33 0 0.49 1179.02 1261.33 0 883.25 2440.35;
1 0 0 0.62 1397.25 0 0.61 1114.6 1397.25 0 446.24 2511.85;
1 0 0 0.93 1661.69 0 0.42 1623.44 1661.69 0 595.19 3285.13;
1 0 0 1 1053.08 0 0.52 381.31 1053.08 0 356.31 1434.4;
1 0 0 0.58 1637.03 0 0.52 1148.08 1637.03 0 174.88 2785.11;
1 0 0 0.7 689.2 0 0.44 267.19 689.2 0 607.97 956.4;
1 0 0 0.79 1150.34 0 0.23 1896.47 1150.34 0 319.2 3046.8;
1 0 0 0.68 303.96 0 0.29 1054.68 303.96 0 107.85 1358.64;
1 0 0 0.56 1341.46 0 0.45 756.9 1341.46 0 527.87 2098.37;
1 0 0 0.87 529.34 0 0.26 328.31 529.34 0 849.28 857.64;
1 0 0 0.62 357.96 0 0.61 528.85 357.96 0 386.59 886.8;
1 0 0 0.63 1119.07 0 0.4 1627.5 1119.07 0 260.86 2746.58;
1 0 0 0.83 1411.35 0 0.34 1438.81 1411.35 0 958.8 2850.16;
1 0 0 0.67 898.61 0 0.3 247.45 898.61 0 384.24 1146.06;
1 0 0 0.67 1988.13 0 0.68 975.81 1988.13 0 828.04 2963.94;
1 0 0 0.82 632.98 0 0.48 658.27 632.98 0 592.25 1291.26;
1 0 0 0.75 1179.86 0 0.35 1738.59 1179.86 0 725.15 2918.44;
1 0 0 0.7 642.36 0 0.55 923.15 642.36 0 922.22 1565.51;
1 0 0 0.62 911.07 0 0.46 894.19 911.07 0 158.89 1805.27;
1 0 0 0.74 1094.87 0 0.25 1211.07 1094.87 0 957.83 2305.93;
1 0 0 0.78 1507.46 0 0.48 1509.27 1507.46 0 794.14 3016.72;
1 0 0 1 743.47 0 0.48 1987.51 743.47 0 403.84 2730.98;
1 0 0 0.43 1950.2 0 0.37 1093.49 1950.2 0 272.73 3043.7;
1 0 0 0.54 1207.98 0 0.27 347.77 1207.98 0 106.16 1555.75;
1 0 0 0.76 740.46 0 0.24 1221.1 740.46 0 763.92 1961.56;
1 0 0 0.74 1311.37 0 0.57 589.41 1311.37 0 863.51 1900.78;
1 0 0 0.68 442.22 0 0.51 1871.6 442.22 0 450.94 2313.82;
1 0 0 0.81 1590.21 0 0.54 539.23 1590.21 0 657.37 2129.44;
1 0 0 0.56 383.52 0 0.63 726.29 383.52 0 750.69 1109.81;
1 0 0 0.72 1216.21 0 0.69 505.26 1216.21 0 921.92 1721.46;
1 0 0 0.79 1372.27 0 0.68 1109.32 1372.27 0 136.59 2481.59;
1 0 0 0.55 598.91 0 0.49 1280.17 598.91 0 934.85 1879.08;
1 0 0 0.67 503.51 0 0.51 888.34 503.51 0 368.38 1391.85;
1 0 0 0.69 1343.01 0 0.28 553.94 1343.01 0 297.74 1896.95;
1 0 0 0.62 512.94 0 0.73 974.18 512.94 0 875.47 1487.13;
1 0 0 0.88 1572.71 0 0.73 1906.91 1572.71 0 249.05 3479.62;
1 0 0 0.73 749.49 0 0.51 680.49 749.49 0 606.16 1429.99;
1 0 0 0.57 736.46 0 0.34 931.44 736.46 0 144.05 1667.9;
1 0 0 0.79 234.07 0 0.56 701.5 234.07 0 631.97 935.57;
1 0 0 0.74 814.92 0 0.48 503.07 814.92 0 402.35 1317.99;
1 0 0 0.79 1937.84 0 0.38 1406.34 1937.84 0 131.46 3344.17;
1 0 0 0.71 1892.48 0 0.66 723.79 1892.48 0 744.4 2616.27;
1 0 0 0.42 1318.04 0 0.57 378.57 1318.04 0 497.76 1696.61;
1 0 0 0.61 486.8 0 0.45 303.79 486.8 0 527.44 790.59;
1 0 0 0.58 507.49 0 0.41 1728.32 507.49 0 957.65 2235.81;
1 0 0 0.89 1525.54 0 0.69 958.65 1525.54 0 117.2 2484.19;
1 0 0 0.64 802.17 0 0.57 1401.95 802.17 0 988.36 2204.13;
1 0 0 1 878.93 0 0.3 1195.61 878.93 0 957.18 2074.55;
1 0 0 0.62 1603.37 0 0.52 1473.5 1603.37 0 726.07 3076.88;
1 0 0 0.54 649.48 0 0.69 699.5 649.48 0 527.69 1348.97;
1 0 0 0.69 1963.29 0 0.6 254.86 1963.29 0 509.68 2218.15;
1 0 0 0.66 735.72 0 0.58 388.49 735.72 0 353.4 1124.21;
1 0 0 0.72 1715.28 0 0.86 925.36 1715.28 0 937.57 2640.64;
1 0 0 0.6 1621.79 0 0.52 1343.35 1621.79 0 454.55 2965.14;
1 0 0 0.67 1644.33 0 0.21 451.39 1644.33 0 501.25 2095.72;
1 0 0 0.85 938.12 0 0.48 1579.78 938.12 0 714.99 2517.9;
1 0 0 0.52 1885.4 0 0.76 1403.62 1885.4 0 441.95 3289.03;
1 0 0 0.64 1431.69 0 0.17 1946.87 1431.69 0 223.62 3378.56;
1 0 0 0.88 743.82 0 0.94 457.22 743.82 0 672.23 1201.05;
1 0 0 0.95 448.32 0 0.66 1698.49 448.32 0 956.1 2146.81;
1 0 0 0.74 1774.33 0 0.64 1440.11 1774.33 0 976.33 3214.44;
1 0 0 0.77 1269.26 0 0.49 1154.12 1269.26 0 143.95 2423.38;
1 0 0 0.76 590.61 0 0.64 938.22 590.61 0 137.25 1528.83;
1 0 0 0.82 584.84 0 0.47 1118.3 584.84 0 454.2 1703.14;
1 0 0 0.79 1848.58 0 0.47 514.82 1848.58 0 553.48 2363.4;
1 0 0 0.7 1604.86 0 0.11 228.81 1604.86 0 186.28 1833.67;
1 0 0 0.65 785.64 0 0.42 542.25 785.64 0 997.38 1327.88;
1 0 0 0.88 1817.35 0 0.44 406.6 1817.35 0 433.91 2223.95;
1 0 0 0.69 978.63 0 0.51 1291.49 978.63 0 190.53 2270.13;
1 0 0 0.66 1838.12 0 0.6 459.64 1838.12 0 763.32 2297.75;
1 0 0 0.63 1942.08 0 0.48 760.1 1942.08 0 225.56 2702.17;
1 0 0 0.83 350.06 0 0.49 1235.79 350.06 0 600.76 1585.85;
1 0 0 0.58 1685.36 0 0.29 1290.23 1685.36 0 908.31 2975.59;
1 0 0 0.7 649.46 0 0.39 1184.86 649.46 0 522 1834.32;
1 0 0 0.72 516.83 0 0.34 1882.87 516.83 0 373.53 2399.69;
1 0 0 0.7 847.1 0 0.2 1434.29 847.1 0 920.31 2281.39;
1 0 0 0.7 1329.41 0 0.48 680.7 1329.41 0 992.63 2010.11;
1 0 0 0.77 1766.34 0 0.69 1832.44 1766.34 0 327.12 3598.78;
1 0 0 0.66 750.39 0 0.8 522.4 750.39 0 744.45 1272.79;
1 0 0 0.65 640.44 0 0.42 1408.98 640.44 0 911.06 2049.42;
1 0 0 0.53 1974.96 0 0.59 405.39 1974.96 0 693.15 2380.35;
1 0 0 0.92 1840.6 0 0.76 712.02 1840.6 0 327.83 2552.62;
1 0 0 0.83 1002.16 0 0.67 1719.25 1002.16 0 998.7 2721.41;
1 0 0 0.79 1831.47 0 0.52 1949.23 1831.47 0 150.66 3780.7;
1 0 0 0.49 1692.61 0 0.4 1217.01 1692.61 0 273.61 2909.62;
1 0 0 0.45 359.81 0 0.47 1203.76 359.81 0 188.47 1563.57;
1 0 0 0.79 904.88 0 0.52 251.38 904.88 0 670.55 1156.26;
1 0 0 0.64 1080.19 0 0.47 669.49 1080.19 0 389.95 1749.69;
1 0 0 0.88 1503.35 0 0.58 1068.42 1503.35 0 745.52 2571.78;
1 0 0 0.6 580.25 0 0.26 1499.74 580.25 0 690.08 2079.99;
1 0 0 0.77 751.84 0 0.55 1614.9 751.84 0 435.43 2366.73;
1 0 0 0.8 507.71 0 0.21 551.1 507.71 0 393.3 1058.82;
1 0 0 0.68 1876.99 0 0.36 1393.82 1876.99 0 303.18 3270.81;
1 0 0 0.78 1612.09 0 0.64 1741.83 1612.09 0 749.19 3353.92;
1 0 0 0.89 947.4 0 0.48 1842.59 947.4 0 865.1 2789.99;
1 0 0 0.67 949.23 0 0.65 1477.42 949.23 0 886.97 2426.65;
1 0 0 0.57 1213.2 0 0.49 1525.89 1213.2 0 657.85 2739.09;
1 0 0 0.68 513.59 0 0.49 1321.76 513.59 0 539.83 1835.34;
1 0 0 0.69 1264.03 0 0.48 1672.23 1264.03 0 228.01 2936.27;
1 0 0 0.66 1245.76 0 0.41 1866.67 1245.76 0 430.28 3112.43;
1 0 0 0.75 1448.55 0 0.37 672 1448.55 0 199.1 2120.54;
1 0 0 0.7 941.75 0 0.68 393.98 941.75 0 454.02 1335.74;
1 0 0 0.71 1351.55 0 0.46 1517.6 1351.55 0 366.45 2869.15;
1 0 0 0.48 1953.91 0 0.45 1449.24 1953.91 0 248.44 3403.14;
1 0 0 0.74 497.87 0 0.57 1008.53 497.87 0 573.65 1506.4;
1 0 0 0.57 640.48 0 0.25 735.2 640.48 0 142.06 1375.68;
1 0 0 0.75 629.38 0 0.4 1580.95 629.38 0 841.2 2210.33;
1 0 0 0.7 1502.66 0 0.52 1722.95 1502.66 0 987.06 3225.61;
1 0 0 0.72 1352.69 0 0.41 265.06 1352.69 0 609.4 1617.75;
1 0 0 0.75 1087.77 0 0.26 381.51 1087.77 0 681.23 1469.28;
1 0 0 0.75 638.21 0 0.68 1561.03 638.21 0 679.38 2199.25;
1 0 0 0.75 1087.51 0 0.47 1687.47 1087.51 0 780.42 2774.98;
1 0 0 0.58 448.07 0 0.61 265.54 448.07 0 800.26 713.6;
1 0 0 0.63 374.85 0 0.62 872.9 374.85 0 388.15 1247.75;
1 0 0 0.73 1157.9 0 0.36 1070.59 1157.9 0 203.73 2228.49;
1 0 0 1 430.35 0 0.62 1308.93 430.35 0 846.34 1739.28;
1 0 0 0.48 338.81 0 0.41 1357.3 338.81 0 313.7 1696.11;
1 0 0 0.7 1611.53 0 0.56 1635.6 1611.53 0 935.88 3247.12;
1 0 0 0.6 1437.55 0 0.63 819.69 1437.55 0 775.42 2257.24;
1 0 0 0.55 1241.06 0 0.34 1438 1241.06 0 959.31 2679.06;
1 0 0 0.78 900.95 0 0.37 742.11 900.95 0 435.16 1643.06;
1 0 0 0.81 333.93 0 0.51 1054.39 333.93 0 988.52 1388.32;
1 0 0 0.71 1635.95 0 0.37 1417.88 1635.95 0 284.63 3053.82;
1 0 0 0.8 1656.79 0 0.43 1010.15 1656.79 0 743.9 2666.95;
1 0 0 0.58 916.92 0 0.94 1799.18 916.92 0 301.27 2716.1;
1 0 0 0.69 753.06 0 0.41 943.12 753.06 0 230.52 1696.18;
1 0 0 0.78 1732.66 0 0.6 1241.82 1732.66 0 354.3 2974.47;
1 0 0 0.8 1200.41 0 0.59 639.99 1200.41 0 266.83 1840.4;
1 0 0 0.76 1606.62 0 0.6 335.36 1606.62 0 103.25 1941.98;
1 0 0 0.79 404.57 0 0.32 1299.75 404.57 0 292.58 1704.32;
1 0 0 0.58 289.92 0 0.62 1351.61 289.92 0 985.23 1641.54;
1 0 0 0.77 516.3 0 0.71 865.21 516.3 0 557.4 1381.51;
1 0 0 0.58 1166.9 0 0.46 781.05 1166.9 0 795.44 1947.95;
1 0 0 0.56 1619.83 0 0.69 1585.55 1619.83 0 257.04 3205.38;
1 0 0 0.71 1539.59 0 0.55 1638.78 1539.59 0 534.18 3178.37;
1 0 0 0.85 1761.53 0 0.62 1678.33 1761.53 0 667.8 3439.86;
1 0 0 0.73 1987.54 0 0.76 575.62 1987.54 0 728.56 2563.16;
1 0 0 0.75 610.29 0 0.4 1359.92 610.29 0 445.73 1970.21;
1 0 0 0.66 794.2 0 0.74 1906.5 794.2 0 551.92 2700.7;
1 0 0 0.99 1169.27 0 0.26 429.15 1169.27 0 233.28 1598.42;
1 0 0 0.83 1303.08 0 0.62 1083.89 1303.08 0 375.54 2386.98;
1 0 0 0.87 847.84 0 0.5 1146.65 847.84 0 397.01 1994.49;
1 0 0 0.72 237.27 0 0.6 966.71 237.27 0 725.23 1203.97;
1 0 0 0.68 476.16 0 0.45 892.58 476.16 0 645.06 1368.74;
1 0 0 0.51 449.56 0 0.59 811.83 449.56 0 543.84 1261.39;
1 0 0 0.43 721.62 0 0.65 1394.59 721.62 0 533.63 2116.21;
1 0 0 0.86 1678.38 0 0.44 504.57 1678.38 0 719.07 2182.95;
1 0 0 0.83 1577.74 0 0.57 1407.94 1577.74 0 232.49 2985.68;
1 0 0 0.63 1277.9 0 0.44 457.67 1277.9 0 509.66 1735.57;
1 0 0 0.89 1361.82 0 0.45 332.32 1361.82 0 742.34 1694.15;
1 0 0 0.68 1938.96 0 0.67 784.99 1938.96 0 745.54 2723.95;
1 0 0 0.74 1395.54 0 0.55 1271 1395.54 0 826.69 2666.54;
1 0 0 0.96 932.98 0 0.44 1744.58 932.98 0 158.63 2677.56;
1 0 0 0.81 1757.7 0 0.43 1818.65 1757.7 0 594.84 3576.36;
1 0 0 0.56 797.05 0 0.5 556.69 797.05 0 580.58 1353.74;
1 0 0 0.83 461.23 0 0.31 200.99 461.23 0 716.35 662.22;
1 0 0 0.6 557.87 0 0.7 1101.65 557.87 0 143.06 1659.52;
1 0 0 0.53 1793.15 0 0.33 391.42 1793.15 0 398.67 2184.57;
1 0 0 0.88 641.17 0 0.22 797.9 641.17 0 599.93 1439.07;
1 0 0 0.65 672.75 0 0.31 1031.82 672.75 0 293.33 1704.57;
1 0 0 0.66 1188.22 0 0.15 1071.41 1188.22 0 402.48 2259.63;
1 0 0 0.65 723.18 0 0.65 1243.02 723.18 0 852.1 1966.2;
1 0 0 0.79 1983.32 0 0.56 1174.34 1983.32 0 189.82 3157.66;
1 0 0 0.76 1246.31 0 0.7 404.45 1246.31 0 427.28 1650.75;
1 0 0 0.82 1241.1 0 0.56 1340.04 1241.1 0 547.01 2581.14;
1 0 0 0.62 1991.7 0 0.64 1945.94 1991.7 0 900.68 3937.64;
1 0 0 0.69 982.83 0 0.49 1952.04 982.83 0 643.27 2934.86;
1 0 0 0.67 924.56 0 0.53 793.11 924.56 0 727.62 1717.67;
1 0 0 0.93 653.52 0 0.62 1941.35 653.52 0 700.13 2594.87;
1 0 0 0.62 379.39 0 0.51 1370.41 379.39 0 734.99 1749.81;
1 0 0 0.8 1640.5 0 0.51 1053.99 1640.5 0 464.97 2694.49;
1 0 0 0.49 1858.39 0 0.71 1347.45 1858.39 0 663.31 3205.84;
1 0 0 0.79 1972.06 0 0.44 1283.86 1972.06 0 842.72 3255.92;
1 0 0 0.72 908.64 0 0.53 1451.11 908.64 0 693.33 2359.74;
1 0 0 0.53 1394.1 0 0.73 1932.19 1394.1 0 417.38 3326.29;
1 0 0 0.86 218.37 0 0.75 481.88 218.37 0 783.92 700.25;
1 0 0 0.73 1907.53 0 0.48 1664.02 1907.53 0 799.08 3571.55;
1 0 0 0.85 744.29 0 0.63 1703.17 744.29 0 617.24 2447.46;
1 0 0 0.65 1731.89 0 0.78 1604.67 1731.89 0 255.18 3336.56;
1 0 0 0.58 1551.34 0 0.49 523.19 1551.34 0 968.62 2074.54;
1 0 0 0.53 624.03 0 0.57 890.3 624.03 0 777.94 1514.33;
1 0 0 0.79 361.55 0 0.56 359.99 361.55 0 528.52 721.54;
1 0 0 0.82 380.99 0 0.79 995.69 380.99 0 913.3 1376.68;
1 0 0 0.57 1073.84 0 0.63 1567.41 1073.84 0 596.15 2641.25;
1 0 0 0.75 813.13 0 0.52 1217.61 813.13 0 880.25 2030.74;
1 0 0 0.52 1321.97 0 0.56 1202.51 1321.97 0 788.7 2524.48;
1 0 0 0.77 693.31 0 0.46 869.81 693.31 0 628.84 1563.12;
1 0 0 0.77 865.45 0 0.35 311.03 865.45 0 449.73 1176.48;
1 0 0 0.69 869.98 0 0.47 597.03 869.98 0 939.69 1467.01;
1 0 0 0.57 1488.44 0 0.44 1261.32 1488.44 0 918.63 2749.75;
1 0 0 0.71 610.25 0 0.49 1017.65 610.25 0 501.23 1627.9;
1 0 0 0.78 1408.67 0 0.6 411.72 1408.67 0 953.68 1820.4;
1 0 0 0.65 370.85 0 0.57 1618.37 370.85 0 391.24 1989.21;
1 0 0 0.81 402.31 0 0.45 416.46 402.31 0 541.2 818.77;
1 0 0 0.62 458.95 0 0.49 969.51 458.95 0 884.66 1428.46;
1 0 0 0.75 1131.75 0 0.18 676.82 1131.75 0 177.9 1808.57;
1 0 0 0.66 957.13 0 0.55 914.8 957.13 0 103.82 1871.93;
1 0 0 0.57 656.13 0 0.51 1550.34 656.13 0 189.36 2206.47;
1 0 0 0.83 759.31 0 0.53 1824.49 759.31 0 856.94 2583.8;
1 0 0 0.59 776.37 0 0.5 1588.78 776.37 0 830.76 2365.15;
1 0 0 0.71 1665.16 0 0.4 1796 1665.16 0 318.36 3461.16;
1 0 0 0.81 206.6 0 0.73 736.25 206.6 0 312.69 942.86;
1 0 0 0.91 1733.97 0 0.41 1803.61 1733.97 0 111.44 3537.58;
1 0 0 0.77 1448.25 0 0.28 1586.45 1448.25 0 463.4 3034.7;
1 0 0 0.64 964.25 0 0.92 1592.78 964.25 0 586.34 2557.03;
1 0 0 0.61 642.37 0 0.58 1637.58 642.37 0 234.59 2279.94;
1 0 0 0.68 1662.78 0 0.48 399.62 1662.78 0 259.75 2062.4;
1 0 0 0.73 547.17 0 0.56 1191.01 547.17 0 719.2 1738.18;
1 0 0 0.74 1370.64 0 0.62 929.38 1370.64 0 546.43 2300.02;
1 0 0 0.74 333.96 0 0.47 271.71 333.96 0 747.31 605.67;
1 0 0 0.57 1980.35 0 0.24 1908.52 1980.35 0 958.5 3888.87;
1 0 0 0.83 1249.78 0 0.32 1728.92 1249.78 0 534.77 2978.71;
1 0 0 0.71 432.85 0 0.43 878.82 432.85 0 509.09 1311.68;
1 0 0 0.65 1484.28 0 0.54 230.69 1484.28 0 677.18 1714.97;
1 0 0 0.61 252.73 0 0.31 1598.41 252.73 0 343.11 1851.14;
1 0 0 0.73 832.66 0 0.47 688.5 832.66 0 749.12 1521.16;
1 0 0 0.75 744.86 0 0.58 781.01 744.86 0 550.93 1525.87;
1 0 0 0.68 1070.65 0 0.35 1907.43 1070.65 0 981.82 2978.08;
1 0 0 0.72 1685.93 0 0.52 1020.91 1685.93 0 865.99 2706.84;
1 0 0 0.78 1823.22 0 0.33 1561.67 1823.22 0 395.27 3384.89;
1 0 0 0.6 988.8 0 0.45 1147.63 988.8 0 247.96 2136.44;
1 0 0 0.72 605.71 0 0.48 1816.15 605.71 0 657.82 2421.86;
1 0 0 0.6 1719.8 0 0.44 1257.25 1719.8 0 422.77 2977.05;
1 0 0 0.67 1387.72 0 0.48 1492.73 1387.72 0 202.5 2880.45;
1 0 0 0.55 1201.75 0 0.67 1807.6 1201.75 0 625.54 3009.35;
1 0 0 0.68 1916.59 0 0.44 1136.12 1916.59 0 813.26 3052.72;
1 0 0 0.54 1777.94 0 0.49 590.9 1777.94 0 478.85 2368.83;