1 0 0 0.54 15 0 0.11 25 15 0 10 40;
1 0 0 0.64 25 0 0.33 14 25 0 11 39;
1 0 0 0.66 12 0 0.24 13 12 0 17 25;
1 0 0 0.66 10 0 0.39 12 10 0 19 22;
1 0 0 0.54 10 0 0.29 21 10 0 13 31;
1 0 0 0.55 21 0 0.33 10 21 0 16 31;
1 0 0 0.76 10 0 0.35 22 10 0 20 32;
1 0 0 0.73 24 0 0.32 23 24 0 15 47;
1 0 0 0.56 10 0 0.21 18 10 0 24 28;
1 0 0 0.72 22 0 0.12 15 22 0 25 37;
1 0 0 0.59 21 0 0.18 11 21 0 18 32;
1 0 0 0.57 22 0 0.24 24 22 0 15 46;
1 0 0 0.48 21 0 0.33 16 21 0 14 37;
1 0 0 0.67 20 0 0.26 22 20 0 13 42;
1 0 0 0.72 16 0 0.29 24 16 0 13 40;
1 0 0 0.69 18 0 0.33 10 18 0 23 28;
1 0 0 0.43 19 0 0.37 25 19 0 21 44;
1 0 0 0.54 25 0 0.35 11 25 0 10 36;
1 0 0 0.44 21 0 0.33 17 21 0 15 38;
1 0 0 0.47 13 0 0.21 14 13 0 19 27;
1 0 0 0.58 19 0 0.28 22 19 0 25 41;
1 0 0 0.77 13 0 0.37 11 13 0 24 24;
1 0 0 0.67 17 0 0.37 19 17 0 14 36;
1 0 0 0.72 19 0 0.12 25 19 0 17 44;
1 0 0 0.48 23 0 0.3 14 23 0 22 37;
1 0 0 0.51 12 0 0.15 17 12 0 15 29;
1 0 0 0.66 19 0 0.27 19 19 0 15 38;
1 0 0 0.65 25 0 0.28 25 25 0 18 50;
1 0 0 0.75 18 0 0.32 21 18 0 11 39;
1 0 0 0.64 19 0 0.22 23 19 0 16 42;
1 0 0 0.44 23 0 0.33 16 23 0 12 39;
1 0 0 0.61 23 0 0.32 19 23 0 22 42;
1 0 0 0.52 24 0 0.16 17 24 0 10 41;
1 0 0 0.61 14 0 0.39 22 14 0 13 36;
1 0 0 0.47 24 0 0.15 24 24 0 23 48;
1 0 0 0.55 14 0 0.35 17 14 0 21 31;
1 0 0 0.69 22 0 0.15 24 22 0 15 46;
1 0 0 0.74 23 0 0.15 15 23 0 22 38;
1 0 0 0.75 23 0 0.34 21 23 0 15 44;
1 0 0 0.76 21 0 0.22 18 21 0 14 39;
1 0 0 0.52 16 0 0.24 15 16 0 14 31;
1 0 0 0.49 25 0 0.3 16 25 0 15 41;
1 0 0 0.5 17 0 0.23 18 17 0 10 35;
1 0 0 0.74 10 0 0.15 12 10 0 11 22;
1 0 0 0.55 12 0 0.16 22 12 0 12 34;
1 0 0 0.75 23 0 0.27 14 23 0 14 37;
1 0 0 0.49 21 0 0.17 19 21 0 22 40;
1 0 0 0.72 12 0 0.19 23 12 0 24 35;
1 0 0 0.45 12 0 0.34 14 12 0 25 26;
1 0 0 0.68 14 0 0.31 17 14 0 22 31;
1 0 0 0.52 14 0 0.21 15 14 0 20 29;
1 0 0 0.45 21 0 0.38 16 21 0 15 37;
1 0 0 0.64 24 0 0.34 19 24 0 20 43;
1 0 0 0.66 23 0 0.32 18 23 0 20 41;
1 0 0 0.49 18 0 0.3 17 18 0 16 35;
1 0 0 0.46 11 0 0.18 21 11 0 19 32;
1 0 0 0.45 13 0 0.36 12 13 0 11 25;
1 0 0 0.68 25 0 0.16 23 25 0 24 48;
1 0 0 0.58 20 0 0.28 19 20 0 13 39;
1 0 0 0.59 25 0 0.3 10 25 0 19 35;
1 0 0 0.76 18 0 0.2 11 18 0 19 29;
1 0 0 0.78 16 0 0.34 13 16 0 25 29;
1 0 0 0.41 16 0 0.34 15 16 0 18 31;
1 0 0 0.76 24 0 0.12 23 24 0 15 47;
1 0 0 0.41 14 0 0.36 17 14 0 10 31;
1 0 0 0.76 25 0 0.1 24 25 0 18 49;
1 0 0 0.41 21 0 0.3 15 21 0 19 36;
1 0 0 0.68 11 0 0.35 18 11 0 15 29;
1 0 0 0.41 25 0 0.37 22 25 0 21 47;
1 0 0 0.41 18 0 0.36 14 18 0 11 32;
1 0 0 0.63 20 0 0.13 22 20 0 19 42;
1 0 0 0.65 14 0 0.17 22 14 0 24 36;
1 0 0 0.7 21 0 0.38 10 21 0 14 31;
1 0 0 0.44 23 0 0.18 10 23 0 19 33;
1 0 0 0.79 11 0 0.34 11 11 0 12 22;
1 0 0 0.67 22 0 0.16 10 22 0 14 32;
1 0 0 0.48 19 0 0.19 21 19 0 14 40;
1 0 0 0.41 11 0 0.29 14 11 0 12 25;
1 0 0 0.48 20 0 0.35 10 20 0 13 30;
1 0 0 0.74 16 0 0.19 12 16 0 19 28;
1 0 0 0.78 14 0 0.22 18 14 0 25 32;
1 0 0 0.47 22 0 0.31 17 22 0 21 39;
1 0 0 0.42 25 0 0.4 17 25 0 20 42;
1 0 0 0.77 19 0 0.33 10 19 0 12 29;
1 0 0 0.76 25 0 0.39 20 25 0 17 45;
1 0 0 0.59 19 0 0.12 11 19 0 18 30;
1 0 0 0.45 20 0 0.11 25 20 0 22 45;
1 0 0 0.74 20 0 0.31 25 20 0 21 45;
1 0 0 0.58 18 0 0.35 17 18 0 17 35;
1 0 0 0.56 25 0 0.4 19 25 0 20 44;
1 0 0 0.79 15 0 0.25 17 15 0 11 32;
1 0 0 0.79 19 0 0.36 21 19 0 13 40;
1 0 0 0.44 17 0 0.31 10 17 0 20 27;
1 0 0 0.51 22 0 0.27 10 22 0 23 32;
1 0 0 0.7 12 0 0.38 15 12 0 21 27;
1 0 0 0.55 22 0 0.12 25 22 0 15 47;
1 0 0 0.65 11 0 0.31 20 11 0 11 31;
1 0 0 0.51 24 0 0.31 20 24 0 25 44;
1 0 0 0.73 10 0 0.19 13 10 0 17 23;
1 0 0 0.53 21 0 0.24 14 21 0 17 35;
1 0 0 0.76 11 0 0.21 20 11 0 24 31;
1 0 0 0.48 21 0 0.21 21 21 0 16 42;
1 0 0 0.78 24 0 0.19 18 24 0 23 42;
1 0 0 0.54 18 0 0.21 25 18 0 13 43;
1 0 0 0.75 24 0 0.39 13 24 0 17 37;
1 0 0 0.76 12 0 0.19 11 12 0 10 23;
1 0 0 0.6 11 0 0.33 21 11 0 24 32;
1 0 0 0.66 21 0 0.28 11 21 0 22 32;
1 0 0 0.62 15 0 0.37 19 15 0 23 34;
1 0 0 0.71 10 0 0.2 20 10 0 18 30;
1 0 0 0.59 12 0 0.19 14 12 0 12 26;
1 0 0 0.56 13 0 0.33 22 13 0 24 35;
1 0 0 0.59 25 0 0.32 24 25 0 10 49;
1 0 0 0.67 18 0 0.34 13 18 0 21 31;
1 0 0 0.44 12 0 0.25 23 12 0 20 35;
1 0 0 0.5 14 0 0.36 18 14 0 21 32;
1 0 0 0.48 12 0 0.22 16 12 0 20 28;
1 0 0 0.67 16 0 0.2 15 16 0 17 31;
1 0 0 0.51 12 0 0.12 24 12 0 10 36;
1 0 0 0.41 11 0 0.33 24 11 0 20 35;
1 0 0 0.72 16 0 0.19 12 16 0 16 28;
1 0 0 0.45 19 0 0.24 15 19 0 25 34;
1 0 0 0.44 25 0 0.38 24 25 0 17 49;
1 0 0 0.51 11 0 0.22 20 11 0 13 31;
1 0 0 0.61 19 0 0.35 11 19 0 24 30;
1 0 0 0.5 16 0 0.37 11 16 0 11 27;
1 0 0 0.63 10 0 0.32 13 10 0 12 23;
1 0 0 0.65 13 0 0.39 25 13 0 19 38;
1 0 0 0.78 16 0 0.28 18 16 0 13 34;
1 0 0 0.61 19 0 0.17 19 19 0 24 38;
1 0 0 0.48 14 0 0.3 13 14 0 24 27;
1 0 0 0.61 20 0 0.16 16 20 0 16 36;
1 0 0 0.75 11 0 0.23 20 11 0 13 31;
1 0 0 0.41 12 0 0.4 10 12 0 22 22;
1 0 0 0.72 25 0 0.29 23 25 0 10 48;
1 0 0 0.59 11 0 0.38 18 11 0 13 29;
1 0 0 0.47 10 0 0.4 11 10 0 14 21;
1 0 0 0.59 24 0 0.15 15 24 0 25 39;
1 0 0 0.64 13 0 0.38 17 13 0 24 30;
1 0 0 0.74 11 0 0.34 10 11 0 22 21;
1 0 0 0.75 13 0 0.27 11 13 0 23 24;
1 0 0 0.44 19 0 0.19 14 19 0 14 33;
1 0 0 0.78 25 0 0.24 20 25 0 10 45;
1 0 0 0.66 14 0 0.31 25 14 0 13 39;
1 0 0 0.77 23 0 0.22 23 23 0 17 46;
1 0 0 0.72 21 0 0.23 23 21 0 25 44;
1 0 0 0.57 16 0 0.15 19 16 0 12 35;
1 0 0 0.65 19 0 0.31 17 19 0 12 36;
1 0 0 0.68 11 0 0.37 24 11 0 16 35;
1 0 0 0.43 12 0 0.2 25 12 0 10 37;
1 0 0 0.79 12 0 0.15 12 12 0 14 24;
1 0 0 0.75 13 0 0.19 13 13 0 23 26;
1 0 0 0.44 10 0 0.32 10 10 0 17 20;
1 0 0 0.75 11 0 0.21 17 11 0 18 28;
1 0 0 0.55 19 0 0.12 18 19 0 13 37;
1 0 0 0.73 22 0 0.12 13 22 0 16 35;
1 0 0 0.67 19 0 0.29 17 19 0 24 36;
1 0 0 0.71 23 0 0.25 11 23 0 19 34;
1 0 0 0.73 19 0 0.17 20 19 0 19 39;
1 0 0 0.55 19 0 0.21 13 19 0 15 32;
1 0 0 0.66 24 0 0.11 14 24 0 25 38;
1 0 0 0.43 15 0 0.15 12 15 0 21 27;
1 0 0 0.79 11 0 0.32 15 11 0 12 26;
1 0 0 0.75 20 0 0.21 23 20 0 11 43;
1 0 0 0.54 13 0 0.27 12 13 0 22 25;
1 0 0 0.71 19 0 0.23 19 19 0 25 38;
1 0 0 0.75 13 0 0.31 11 13 0 21 24;
1 0 0 0.43 22 0 0.27 22 22 0 13 44;
1 0 0 0.45 18 0 0.38 12 18 0 22 30;
1 0 0 0.48 22 0 0.29 23 22 0 21 45;
1 0 0 0.58 20 0 0.33 22 20 0 11 42;
1 0 0 0.55 15 0 0.3 18 15 0 10 33;
1 0 0 0.55 23 0 0.27 13 23 0 16 36;
1 0 0 0.51 14 0 0.13 15 14 0 21 29;
1 0 0 0.5 22 0 0.36 16 22 0 16 38;
1 0 0 0.46 13 0 0.18 11 13 0 14 24;
1 0 0 0.69 24 0 0.35 20 24 0 19 44;
1 0 0 0.74 18 0 0.31 13 18 0 12 31;
1 0 0 0.63 12 0 0.18 18 12 0 17 30;
1 0 0 0.59 10 0 0.37 15 10 0 25 25;
1 0 0 0.55 24 0 0.2 10 24 0 11 34;
1 0 0 0.71 13 0 0.31 17 13 0 14 30;
1 0 0 0.67 21 0 0.1 15 21 0 12 36;
1 0 0 0.71 20 0 0.35 13 20 0 12 33;
1 0 0 0.61 24 0 0.32 25 24 0 23 49;
1 0 0 0.47 15 0 0.25 11 15 0 10 26;
1 0 0 0.6 21 0 0.34 12 21 0 19 33;
1 0 0 0.41 18 0 0.31 25 18 0 10 43;
1 0 0 0.49 13 0 0.23 22 13 0 14 35;
1 0 0 0.56 17 0 0.29 22 17 0 23 39;
1 0 0 0.45 14 0 0.3 24 14 0 14 38;
1 0 0 0.58 25 0 0.22 15 25 0 16 40;
1 0 0 0.62 10 0 0.16 19 10 0 10 29;
1 0 0 0.45 13 0 0.18 22 13 0 18 35;
1 0 0 0.47 21 0 0.26 24 21 0 15 45;
1 0 0 0.47 15 0 0.29 25 15 0 23 40;
1 0 0 0.65 18 0 0.2 13 18 0 13 31;
1 0 0 0.79 11 0 0.27 22 11 0 16 33;
1 0 0 0.7 15 0 0.18 20 15 0 13 35;
1 0 0 0.59 12 0 0.38 18 12 0 25 30;
1 0 0 0.56 17 0 0.23 18 17 0 11 35;
1 0 0 0.41 19 0 0.15 10 19 0 13 29;
1 0 0 0.79 16 0 0.36 18 16 0 23 34;
1 0 0 0.46 22 0 0.12 24 22 0 11 46;
1 0 0 0.73 10 0 0.18 11 10 0 10 21;
1 0 0 0.66 24 0 0.29 22 24 0 12 46;
1 0 0 0.66 25 0 0.31 17 25 0 22 42;
1 0 0 0.44 15 0 0.1 11 15 0 10 26;
1 0 0 0.46 21 0 0.16 19 21 0 16 40;
1 0 0 0.48 20 0 0.23 16 20 0 12 36;
1 0 0 0.53 20 0 0.33 12 20 0 22 32;
1 0 0 0.65 16 0 0.23 20 16 0 11 36;
1 0 0 0.62 13 0 0.24 25 13 0 13 38;
1 0 0 0.76 10 0 0.38 11 10 0 23 21;
1 0 0 0.69 12 0 0.36 15 12 0 22 27;
1 0 0 0.44 21 0 0.38 13 21 0 17 34;
1 0 0 0.56 18 0 0.36 16 18 0 17 34;
1 0 0 0.7 10 0 0.34 17 10 0 19 27;
1 0 0 0.6 12 0 0.32 14 12 0 13 26;
1 0 0 0.67 19 0 0.23 21 19 0 10 40;
1 0 0 0.49 12 0 0.19 22 12 0 15 34;
1 0 0 0.66 16 0 0.3 18 16 0 12 34;
1 0 0 0.64 18 0 0.19 25 18 0 16 43;
1 0 0 0.51 21 0 0.14 17 21 0 12 38;
1 0 0 0.74 12 0 0.23 22 12 0 22 34;
1 0 0 0.44 21 0 0.3 23 21 0 16 44;
1 0 0 0.74 23 0 0.29 24 23 0 16 47;
1 0 0 0.6 21 0 0.34 25 21 0 19 46;
1 0 0 0.66 15 0 0.33 16 15 0 19 31;
1 0 0 0.41 13 0 0.14 17 13 0 11 30;
1 0 0 0.72 10 0 0.12 13 10 0 19 23;
1 0 0 0.58 22 0 0.28 10 22 0 16 32;
1 0 0 0.52 25 0 0.37 22 25 0 17 47;
1 0 0 0.41 19 0 0.18 22 19 0 16 41;
1 0 0 0.59 16 0 0.27 12 16 0 21 28;
1 0 0 0.8 10 0 0.14 12 10 0 15 22;
1 0 0 0.54 15 0 0.34 20 15 0 17 35;
1 0 0 0.76 10 0 0.34 12 10 0 19 22;
1 0 0 0.68 22 0 0.17 21 22 0 16 43;
1 0 0 0.57 20 0 0.28 11 20 0 17 31;
1 0 0 0.66 22 0 0.13 24 22 0 12 46;
1 0 0 0.48 24 0 0.33 23 24 0 17 47;
1 0 0 0.62 12 0 0.26 10 12 0 19 22;
1 0 0 0.42 17 0 0.13 11 17 0 17 28;
1 0 0 0.79 22 0 0.23 16 22 0 16 38;
1 0 0 0.76 20 0 0.14 20 20 0 25 40;
1 0 0 0.74 11 0 0.4 14 11 0 22 25;
1 0 0 0.69 11 0 0.36 22 11 0 11 33;
1 0 0 0.49 14 0 0.12 11 14 0 11 25;
1 0 0 0.57 25 0 0.38 21 25 0 10 46;
1 0 0 0.51 18 0 0.35 15 18 0 14 33;
1 0 0 0.61 15 0 0.35 16 15 0 11 31;
1 0 0 0.64 15 0 0.27 16 15 0 13 31;
1 0 0 0.75 15 0 0.16 18 15 0 23 33;
1 0 0 0.66 14 0 0.36 19 14 0 11 33;
1 0 0 0.72 14 0 0.22 16 14 0 23 30;
1 0 0 0.66 12 0 0.33 21 12 0 16 33;
1 0 0 0.56 18 0 0.36 21 18 0 20 39;
1 0 0 0.58 17 0 0.11 17 17 0 18 34;
1 0 0 0.43 15 0 0.21 17 15 0 17 32;
1 0 0 0.54 13 0 0.25 19 13 0 10 32;
1 0 0 0.52 24 0 0.14 22 24 0 23 46;
1 0 0 0.71 23 0 0.12 10 23 0 17 33;
1 0 0 0.64 24 0 0.28 18 24 0 21 42;
1 0 0 0.4 13 0 0.2 16 13 0 24 29;
1 0 0 0.42 21 0 0.21 21 21 0 23 42;
1 0 0 0.51 14 0 0.11 19 14 0 22 33;
1 0 0 0.55 11 0 0.2 13 11 0 18 24;
1 0 0 0.65 20 0 0.19 21 20 0 21 41;
1 0 0 0.52 20 0 0.21 24 20 0 21 44;
1 0 0 0.5 10 0 0.12 11 10 0 25 21;
1 0 0 0.72 17 0 0.12 19 17 0 20 36;
1 0 0 0.7 21 0 0.26 21 21 0 17 42;
1 0 0 0.58 11 0 0.1 11 11 0 16 22;
1 0 0 0.71 23 0 0.13 22 23 0 11 45;
1 0 0 0.69 20 0 0.31 16 20 0 13 36;
1 0 0 0.75 10 0 0.14 11 10 0 16 21;
1 0 0 0.77 17 0 0.31 17 17 0 18 34;
1 0 0 0.77 14 0 0.35 24 14 0 17 38;
1 0 0 0.58 11 0 0.15 10 11 0 15 21;
1 0 0 0.62 22 0 0.33 13 22 0 21 35;
1 0 0 0.55 23 0 0.24 10 23 0 17 33;
1 0 0 0.79 22 0 0.26 19 22 0 18 41;
1 0 0 0.58 16 0 0.27 24 16 0 18 40;
1 0 0 0.59 10 0 0.14 25 10 0 23 35;
1 0 0 0.71 20 0 0.35 14 20 0 12 34;
1 0 0 0.74 10 0 0.32 22 10 0 14 32;
1 0 0 0.75 21 0 0.36 13 21 0 11 34;
1 0 0 0.42 12 0 0.39 15 12 0 25 27;
1 0 0 0.46 16 0 0.32 23 16 0 17 39;
1 0 0 0.62 20 0 0.15 18 20 0 12 38;
1 0 0 0.76 18 0 0.31 19 18 0 17 37;
1 0 0 0.57 20 0 0.25 18 20 0 22 38;
1 0 0 0.63 10 0 0.26 19 10 0 11 29;
1 0 0 0.73 23 0 0.11 14 23 0 11 37;
1 0 0 0.57 20 0 0.37 25 20 0 19 45;
1 0 0 0.67 12 0 0.25 14 12 0 22 26;
1 0 0 0.55 22 0 0.17 12 22 0 25 34;
1 0 0 0.71 20 0 0.37 21 20 0 17 41;
1 0 0 0.4 19 0 0.2 15 19 0 12 34;
1 0 0 0.72 16 0 0.15 22 16 0 23 38;
1 0 0 0.65 16 0 0.37 14 16 0 19 30;
1 0 0 0.5 19 0 0.29 14 19 0 12 33;
1 0 0 0.76 25 0 0.22 12 25 0 14 37;
1 0 0 0.76 10 0 0.34 16 10 0 17 26;
1 0 0 0.8 20 0 0.33 23 20 0 25 43;
1 0 0 0.43 18 0 0.19 20 18 0 14 38;
1 0 0 0.76 25 0 0.19 21 25 0 12 46;
1 0 0 0.55 16 0 0.27 16 16 0 17 32;
1 0 0 0.45 16 0 0.12 15 16 0 12 31;
1 0 0 0.73 10 0 0.18 11 10 0 24 21;
1 0 0 0.63 22 0 0.36 24 22 0 24 46;
1 0 0 0.64 11 0 0.15 24 11 0 15 35;
1 0 0 0.64 15 0 0.17 16 15 0 20 31;
1 0 0 0.47 10 0 0.13 23 10 0 12 33;
1 0 0 0.75 13 0 0.1 15 13 0 22 28;
1 0 0 0.56 25 0 0.1 20 25 0 12 45;
1 0 0 0.42 20 0 0.16 22 20 0 25 42;
1 0 0 0.7 16 0 0.16 23 16 0 17 39;
1 0 0 0.7 19 0 0.31 20 19 0 22 39;
1 0 0 0.68 14 0 0.18 17 14 0 11 31;
1 0 0 0.67 21 0 0.25 23 21 0 19 44;
1 0 0 0.64 25 0 0.22 16 25 0 16 41;
1 0 0 0.53 12 0 0.35 18 12 0 21 30;
1 0 0 0.76 16 0 0.16 12 16 0 23 28;
1 0 0 0.55 17 0 0.18 25 17 0 22 42;
1 0 0 0.7 22 0 0.2 18 22 0 10 40;
1 0 0 0.5 19 0 0.29 14 19 0 12 33;