0.504 67 1338;
0.510 255 1337;
0.310 143 1995;
0.697 218 669;
0.940 281 665;
0.991 259 1992;
0.873 121 1998;
0.855 192 4;
0.503 119 662;
0.922 163 674;
0.526 167 1343;
0.764 172 1995;
0.381 232 10;
0.722 141 1993;
0.995 162 0;
0.474 116 10;
0.691 196 1996;
0.947 163 9;
0.616 180 1992;
0.947 160 1996;
0.660 64 656;
0.707 113 663;
0.696 295 659;
0.990 253 10;
0.935 149 657;
0.790 83 674;
0.412 294 1995;
0.606 161 669;
0.653 170 6;
0.708 268 1995;
0.919 90 0;
0.709 82 0;
0.970 220 0;
0.446 68 1335;
0.839 145 1992;
0.742 70 656;
0.930 140 10;
0.664 70 1998;
0.798 174 1997;
0.403 65 1999;
0.310 225 10;
0.948 165 2;
0.875 70 1340;
0.394 174 2;
0.708 129 1335;
0.868 112 667;
0.961 123 670;
0.472 81 671;
0.874 123 2;
0.550 261 1990;
0.844 222 1992;
0.778 147 1999;
0.408 61 1328;
0.983 100 671;
0.743 264 6;
0.995 101 8;
0.614 116 1341;
0.401 141 660;
0.538 75 3;
0.715 140 0;
0.725 152 1332;
0.893 159 1328;
0.888 125 10;
0.952 295 665;
0.730 137 671;
0.985 134 0;
0.512 65 1997;
0.387 148 1342;
0.975 182 7;
0.831 110 663;
0.347 122 1343;
0.411 154 664;
0.591 158 667;
0.950 233 5;
0.618 239 666;
0.483 141 661;
0.526 254 3;
0.940 228 1;
0.303 299 665;
0.396 165 661;
0.909 110 5;
0.318 168 3;
0.506 99 1328;
0.305 197 0;
0.491 231 662;
0.984 136 1992;
0.817 212 3;
0.620 147 657;
0.691 94 1343;
0.533 163 1330;
0.457 266 1993;
0.667 176 1992;
0.710 148 1343;
0.784 153 673;
0.392 177 1994;
0.987 123 1331;
0.721 261 4;
0.933 117 660;
0.528 131 657;
0.894 189 1996;
0.641 130 1996;
0.487 157 674;
0.723 101 2;
0.815 137 668;
0.544 88 1330;
0.883 187 0;
0.769 111 668;
0.512 246 1996;
0.990 89 667;
0.879 125 674;
0.959 114 9;
0.636 154 1333;
0.924 80 659;
0.746 152 2;
0.448 117 7;
0.519 71 1338;
0.838 180 0;
0.770 218 3;
0.566 177 8;
0.876 262 1997;
0.503 82 659;
0.446 155 1336;
0.701 66 1990;
0.689 239 0;
0.542 113 1993;
0.327 180 676;
0.331 292 668;
0.547 143 3;
0.469 176 0;
0.417 152 1336;
0.806 160 675;
0.793 116 2;
0.335 292 5;
0.571 70 1328;
0.903 158 1334;
0.493 121 1990;
0.788 104 1343;
0.948 169 659;
0.499 69 661;
0.620 176 1997;
0.747 162 5;
0.580 75 1337;
0.503 138 666;
0.876 155 1993;
0.569 273 672;
0.910 126 7;
0.620 191 1992;
0.348 88 674;
0.478 156 1337;
0.768 146 9;
0.453 73 2;
0.456 87 1;
0.987 156 9;
0.557 192 0;
0.974 132 1998;
0.509 74 658;
0.636 146 670;
0.672 200 1329;
0.304 151 0;
0.812 168 1335;
0.950 267 660;
0.958 166 6;
0.609 271 668;
0.492 283 4;
0.366 132 1992;
0.535 99 1996;
0.786 144 1340;
0.543 125 1330;
0.631 114 1326;
0.609 133 6;
0.831 164 1996;
0.465 250 9;
0.856 143 1;
0.951 300 1328;
0.881 94 1999;
0.664 256 1329;
0.885 166 656;
0.869 217 660;
0.346 200 1992;
0.794 84 1339;
0.725 110 10;
0.692 194 5;
0.397 104 6;
0.392 287 1993;
0.973 153 656;
0.704 128 1340;
0.881 288 1994;
0.937 75 1995;
0.687 282 0;
0.758 63 659;
0.970 181 1995;
0.358 225 668;
0.734 95 1998;
0.867 170 1343;
0.425 126 661;
0.447 113 1323;
0.885 158 666;
0.882 271 1998;
0.592 121 675;
0.323 225 673;
0.646 156 1997;
0.938 139 1995;
0.661 106 1995;
0.763 108 662;
0.493 143 2;
0.758 200 661;
0.341 232 1990;
0.859 65 1326;
0.923 60 1997;
0.931 143 0;
0.550 291 0;
0.693 214 658;
0.794 100 1339;
1.000 162 0;
0.490 135 5;
0.351 104 671;
0.539 130 1343;
0.798 178 674;
0.962 126 1329;
0.820 159 1990;
0.583 73 1326;
0.497 255 3;
0.561 296 9;
0.452 155 664;
0.435 110 1333;
0.738 296 1994;
0.529 80 1340;
0.941 85 1991;
0.759 130 1325;
0.992 262 1992;
0.872 166 1325;
0.647 78 1332;
0.979 153 0;
0.726 174 4;
0.315 209 6;
0.610 112 1325;
0.962 158 3;
0.523 140 3;
0.412 161 5;
0.759 168 1;
0.359 243 1324;
0.559 225 1995;
0.748 145 661;
0.599 107 1330;
0.646 151 1324;
0.922 111 1993;
0.648 259 1329;
0.548 235 674;
0.518 163 1998;
0.350 68 1335;
0.741 154 660;
0.614 106 4;
0.696 151 660;
0.700 172 1993;
0.392 281 2;
0.519 215 669;
0.861 80 666;
0.393 196 0;
0.870 109 1995;
0.763 124 1342;
0.433 151 6;
0.607 78 660;
0.813 96 0;
0.316 172 660;
0.876 298 659;
0.583 122 676;
0.780 101 1333;
0.923 73 8;
0.589 133 1996;
0.770 99 1329;
0.662 77 674;
0.547 161 672;
0.693 225 671;
0.691 295 9;
0.957 173 668;
0.670 123 1999;
0.729 159 8;
0.920 277 1993;
0.305 120 1993;
0.308 97 6;
0.752 132 1995;
0.539 112 1998;
0.755 258 1333;
0.495 115 675;
0.907 253 1990;
0.984 221 1994;
0.714 293 1993;
0.541 177 7;
0.800 245 0;
0.465 154 1998;
0.331 113 669;
0.461 161 2;
0.447 150 659;
0.948 146 665;
0.856 92 1998;
0.538 90 1336;
0.536 168 10;
0.735 159 1331;
0.776 171 1339;
0.765 60 670;
0.343 163 1337;
0.715 159 671;
0.903 112 0;
0.722 162 1998;
0.529 159 1325;
0.796 231 668;
0.657 139 1340;
0.632 71 1994;
0.845 64 1323;
0.614 64 1991;
0.464 297 1995;
0.989 162 0;
0.624 160 1998;
0.926 161 1993;
0.319 87 659;
0.313 80 1995;
0.679 244 10;
0.471 111 1994;
0.944 103 1999;
0.422 156 1332;
0.411 156 676;
0.683 73 1;
0.417 283 0;
0.330 114 1998;
0.383 211 667;
0.408 157 2;
0.756 116 1342;
0.883 71 1991;
0.697 198 0;
0.706 227 0;
0.501 75 1993;
0.610 80 1990;
0.632 176 1326;
0.569 173 1328;
0.963 274 1992;
0.657 121 2;
0.518 199 10;
0.916 88 1335;
0.326 111 663;
0.770 73 1995;
0.590 172 1989;
0.973 159 1343;
0.528 138 657;
0.808 199 1992;
0.633 286 1994;
0.490 122 1997;
0.577 207 0;
0.882 142 1;
0.309 107 1999;
0.356 171 5;
0.608 169 674;
0.360 123 5;
0.405 176 1998;
0.494 178 1338;
0.910 91 663;
0.445 119 666;
0.978 158 656;
0.494 129 1999;
0.356 233 2;
0.762 126 1331;
0.719 160 1998;
0.999 93 4;
0.735 282 1997;
0.913 141 1338;
0.846 179 668;
0.941 151 669;
0.571 204 1342;
0.990 167 1997;
0.997 117 4;
0.486 157 673;
0.728 178 10;
0.976 149 1323;
0.673 137 0;
0.649 170 666;
0.850 128 1331;
0.755 270 6;
0.353 185 7;
0.793 114 663;
0.559 77 7;
0.768 140 656;
0.418 112 9;
0.309 170 4;
0.576 70 1996;
0.879 121 1340;
0.995 168 1330;
0.343 171 1;
0.383 277 666;
0.921 228 5;
0.853 88 7;
0.723 96 1;
0.349 290 1995;
0.842 297 4;
0.514 135 5;
0.505 108 1342;
0.829 287 1332;
0.619 83 1324;
0.988 129 675;
0.437 276 1995;
0.371 269 656;
0.664 282 666;
0.702 75 1336;
0.796 110 1990;
0.755 267 6;
0.333 141 1993;
0.338 262 674;
0.300 284 1991;
0.824 269 0;
0.863 164 1992;
0.784 229 667;
0.510 126 1335;
0.679 184 8;
0.376 135 7;
0.629 88 657;
0.709 145 0;
0.710 141 657;
0.438 132 1339;
0.931 129 1995;
0.472 121 666;
0.938 115 1332;
0.342 230 0;
0.978 300 10;
0.924 282 6;
0.844 141 4;
0.846 155 0;
0.617 131 1340;
0.332 138 3;
0.463 119 1333;
0.553 139 7;
0.524 197 1342;
0.962 143 1992;
0.844 142 9;
0.533 187 7;
0.974 78 1329;
0.404 107 1999;
0.512 126 1332;
0.417 129 675;
0.897 267 658;
0.336 263 666;
0.948 166 674;
0.776 133 1323;
0.673 250 1323;
0.793 179 1993;
0.637 169 665;
0.749 90 662;
0.927 183 1990;
0.720 167 1339;
0.850 123 1996;
0.323 161 1;
0.421 172 1;
0.553 170 1992;
0.539 117 663;
0.665 160 666;
0.708 290 1331;
0.759 95 667;
0.481 172 9;
0.760 183 7;
0.323 209 4;
0.550 156 0;
0.611 140 1990;
0.501 127 1327;
0.644 209 670;
0.983 160 0;
0.311 175 664;
0.732 70 10;
0.526 157 8;
0.936 67 1341;
0.562 96 674;
0.923 112 1336;
0.617 278 8;
0.586 124 659;
0.521 65 673;
0.826 143 669;
0.777 145 0;
0.873 105 1331;
0.883 232 1990;
0.864 234 7;
0.664 101 4;
0.354 286 0;
0.467 176 9;
0.715 60 664;
0.760 134 1991;
0.834 176 6;
0.666 122 1323;
0.653 74 5;
0.807 141 1325;
0.770 155 667;
0.979 148 9;
0.859 295 0;
0.468 122 1996;
0.430 61 1;
0.361 157 1341;
0.393 175 8;
0.338 148 8;
0.975 157 1323;
0.995 141 660;
0.525 143 0;
0.951 290 1326;
0.321 105 1340;
0.920 137 1997;
0.945 61 657;
0.687 66 6;
0.652 149 1998;
0.687 79 1327;
0.989 161 665;
0.864 164 5;
0.741 139 660;
0.851 129 7;
0.408 99 1334;
0.507 85 1328;
0.953 163 1994;
0.348 173 1342;
0.773 292 1999;
0.453 171 2;
0.465 72 668;
0.640 241 670;
0.578 132 1334;
0.511 158 1325;
0.723 221 3;
0.427 161 1991;
0.627 95 1329;
0.601 137 8;
0.897 156 665;
0.363 172 1330;
0.844 172 1999;
0.428 79 660;
0.683 151 5;
0.717 129 673;
0.989 229 0;
0.966 262 1328;
0.631 153 3;
0.740 149 1324;
0.486 136 1326;
0.567 173 2;
0.621 69 668;
0.925 224 669;
0.519 289 1996;
0.649 82 1992;
0.586 159 671;
0.302 75 1991;
0.509 97 1338;
0.889 73 670;
0.593 60 4;
0.496 68 671;
0.935 206 1995;
0.594 250 1328;
0.927 151 1995;
0.450 60 1343;
0.364 228 5;
0.601 174 1999;
0.573 123 1338;
0.332 141 664;
0.713 145 1326;
0.353 170 3;
0.527 171 669;
0.813 163 658;
0.437 65 0;
0.868 249 1997;
0.621 181 1995;
0.827 67 1328;
0.742 236 1341;
0.528 113 1990;
0.864 207 1996;
0.492 164 1329;
0.705 139 1998;
0.536 122 1996;
0.815 214 8;
0.415 119 1342;
0.725 110 1334;
0.767 157 0;
0.426 96 1993;
0.823 137 672;
0.824 151 1994;
0.441 90 1331;
0.519 161 5;
0.650 115 1;
0.749 241 1335;
0.400 154 1325;
0.975 131 1991;
0.430 176 1330;
0.319 172 1991;
0.466 92 1334;
0.605 241 1997;
0.957 253 674;
0.379 215 0;
0.321 114 661;
0.734 147 1998;
0.565 179 658;
0.550 149 1996;
0.306 92 8;
0.849 106 0;
0.639 78 1991;
0.311 123 663;
0.845 142 1331;
0.694 104 1329;
0.393 118 658;
0.777 287 5;
0.654 245 0;
0.415 110 1325;
0.761 168 669;
0.981 106 1325;
0.709 272 6;
0.390 290 1327;
0.564 131 6;
0.460 164 676;
0.493 145 1990;
0.350 78 2;
0.523 166 667;
0.722 144 4;
0.755 138 8;
0.977 278 7;
0.918 95 4;
0.544 120 1992;
0.742 290 1337;
0.692 68 661;
0.967 171 3;
0.444 90 2;
0.342 184 1990;
0.319 118 1994;
0.671 168 1997;
0.847 253 0;
0.894 159 1995;
0.321 130 673;
0.375 94 1997;
0.839 64 8;
0.845 227 10;
0.544 86 1325;
0.856 204 1325;
0.374 72 3;
0.991 134 6;
0.301 297 674;
0.968 262 9;
0.439 88 1324;
0.358 205 7;
0.570 126 3;
0.734 143 1330;
0.488 101 657;
0.401 163 7;
0.870 182 1999;
0.778 140 1998;
0.364 117 1990;
0.989 155 1992;
0.559 90 661;
0.989 173 656;
0.986 142 9;
0.785 102 1994;
0.929 129 1325;
0.348 210 2;
0.769 160 6;
0.646 75 1323;
0.476 113 1334;
0.741 190 1999;
0.668 83 1341;
0.767 114 659;
0.447 193 9;
0.611 158 10;
0.505 140 0;
0.483 82 1338;
0.736 91 1330;
0.996 132 1997;
0.635 87 656;
0.421 143 0;
0.906 69 668;
0.516 88 656;
0.373 165 1994;
0.531 144 1343;
0.441 102 7;
0.520 78 1998;
0.980 147 669;
0.843 132 1998;
0.907 71 3;
0.310 157 663;
0.821 136 1999;
0.553 98 1323;
0.819 136 5;
0.891 67 1999;
0.755 124 7;
0.889 104 1995;
0.409 175 1999;
0.819 186 9;
0.996 109 2;
0.381 116 1994;
0.943 146 8;
0.801 169 1;
0.976 125 8;
0.842 116 3;
0.580 171 9;
0.682 130 0;
0.899 155 5;
0.535 106 1329;
0.883 163 1998;
0.454 120 662;
0.505 198 1341;
0.357 167 1328;
0.604 174 659;
0.531 85 669;
0.718 177 1327;
0.312 174 1998;
0.686 172 1994;
0.538 73 658;
0.529 249 8;
0.404 169 8;
0.813 142 1994;
0.365 136 669;
0.588 64 3;
0.839 175 6;
0.564 164 1338;
0.613 173 0;
0.801 159 0;
0.439 174 1328;
0.789 283 666;
0.917 147 5;
0.578 141 1999;
0.993 145 2;
0.907 219 672;
0.456 131 1335;
0.384 107 667;
0.962 112 1332;
0.824 227 1990;
0.698 251 1;
0.870 133 10;
0.994 94 3;
0.369 126 1331;
0.457 98 662;
0.620 123 676;
0.686 180 670;
0.494 152 1990;
0.854 193 664;
0.831 219 2;
0.830 161 2;
0.532 153 1992;
0.844 165 1342;
0.481 268 9;
0.815 274 8;
0.987 135 1332;
0.490 175 9;
0.398 214 665;
0.724 133 1995;
0.849 99 1335;
0.310 134 5;
0.445 228 1992;
0.498 158 1994;
0.476 196 1992;
0.545 174 10;
0.405 61 1335;
0.534 168 1327;
0.844 131 673;
0.337 300 2;
0.535 192 1998;
0.750 144 7;
0.409 141 1;
0.384 158 2;
0.645 113 1992;
0.829 143 0;
0.783 290 1339;
0.377 149 1327;
0.761 294 1993;
1.000 136 1991;
0.476 129 9;
0.559 143 1336;
0.970 168 2;
0.439 130 0;
0.518 117 1996;
0.778 215 667;
0.734 112 1335;
0.752 294 0;
0.664 98 9;
0.485 284 1996;
0.552 116 1992;
0.494 78 5;
0.539 154 1995;
0.678 158 1342;
0.987 101 10;
0.771 159 5;
0.931 92 1992;
0.812 86 1999;
0.846 243 673;
0.438 148 1339;
0.523 158 7;
0.469 159 673;
0.560 144 8;
0.972 236 1993;
0.526 129 1994;
0.796 230 1337;
0.649 85 9;
0.318 154 666;
0.515 144 1997;
0.962 90 1;
0.663 132 667;
0.465 228 1325;
0.776 123 1343;
0.697 274 676;
0.384 64 674;
0.477 144 664;
0.589 82 660;
0.948 126 7;
0.790 121 0;
0.650 287 1993;
0.606 122 0;
0.981 60 1323;
0.705 119 1;
0.413 132 2;
0.915 163 7;
0.548 164 1990;
0.849 152 1338;
0.726 169 4;
0.807 125 1334;
0.677 123 662;
0.583 164 673;
0.306 277 0;
0.807 102 1994;
0.657 133 1342;
0.529 99 661;
0.931 130 2;
0.310 208 1333;
0.429 218 1998;
0.374 84 657;
0.538 267 1326;
0.363 62 1331;
0.444 102 1341;
0.835 93 1991;
0.984 284 0;
0.983 157 1337;
0.799 106 1;
0.510 235 660;
0.393 147 1337;
0.499 114 1343;
0.580 253 3;
0.668 144 1993;
0.463 78 1329;
0.706 100 4;
0.589 144 656;
0.953 179 1341;
0.465 101 1993;
0.475 191 1995;
0.351 157 0;
0.792 114 4;
0.542 173 4;
0.335 210 667;
0.564 125 1337;
0.355 125 664;
0.937 161 6;
0.832 232 7;
0.744 95 1325;
0.931 283 2;
0.339 127 8;
0.958 88 675;
0.496 218 0;
0.775 104 671;
0.899 166 672;
0.931 90 1334;
0.496 93 1992;
0.573 121 1990;
0.582 102 0;
0.559 172 656;
0.754 109 3;
0.889 256 0;
0.715 71 1997;
0.876 165 1999;
0.347 164 2;
0.909 103 656;
0.587 168 4;
0.693 70 6;
0.579 296 668;
0.983 161 3;
0.635 80 9;
0.864 130 9;
0.583 110 1;
0.997 78 1991;
0.597 231 1991;
0.591 139 9;
0.701 77 671;
0.856 153 10;
0.709 158 1999;
0.897 121 1990;
0.669 269 7;
1.000 215 5;
0.463 126 661;
0.748 216 663;
0.977 261 4;
0.636 96 8;
0.670 171 1;
0.325 242 1992;
0.785 224 5;
0.754 154 1337;
0.420 151 666;
0.662 298 1995;
0.683 153 1996;
0.766 187 9;
0.611 152 1329;
0.481 282 7;
0.934 265 1331;
0.906 146 659;
0.584 208 3;
0.736 145 1992;
0.479 150 2;
0.906 296 7;
0.403 144 8;
0.806 139 1333;
0.770 149 6;
0.796 262 1340;
0.946 138 658;
0.575 95 669;
0.748 83 669;
0.652 124 1340;
0.686 140 1334;
0.526 144 662;
0.627 122 1326;
0.841 252 662;
0.504 263 1328;
0.567 162 0;
0.302 242 2;
0.418 127 1997;
0.360 139 8;
0.341 191 665;
0.898 118 664;
0.572 134 4;
0.506 174 1991;
0.693 77 1329;
0.502 169 1328;
0.404 86 1327;
0.760 93 1335;
0.627 79 662;
0.714 93 1991;
0.594 101 669;
0.346 242 0;
0.949 119 1998;
0.541 150 661;
0.564 142 661;
0.699 174 1990;
0.620 90 1992;
0.711 166 1324;
0.917 245 1;
0.322 108 1993;
0.479 72 658;
0.449 129 1993;
0.671 233 8;
0.460 154 1332;
0.636 254 1331;
0.977 72 1;
0.335 129 0;
0.850 137 1995;
0.515 150 665;
0.560 78 1999;
0.786 272 0;
0.353 126 8;
0.482 154 9;
0.605 204 6;
0.836 159 1994;
0.613 77 1329;
0.724 73 1340;
0.913 60 3;
0.478 76 1337;
0.510 299 670;
0.900 200 1332;
0.454 137 1997;
0.610 127 670;
0.916 115 659;
0.845 156 1993;
0.758 65 663;
0.520 85 1335;
0.864 141 1992;
0.692 175 1999;
0.801 160 1992;
0.350 180 1992;
0.517 127 1994;
0.772 237 0;
0.727 70 1340;
0.948 220 1334;
0.588 218 0;
0.894 138 1996;
0.737 152 1343;
0.778 290 0;
0.467 78 1332;
0.487 289 1334;
0.637 161 8;
0.989 197 0;
0.330 234 6;
0.458 120 1331;
0.447 113 1990;
0.759 70 660;
0.971 186 7;
0.731 108 671;
0.881 217 1324;
0.650 237 5;
0.977 126 3;
0.859 96 1996;
0.473 67 0;
0.939 82 673;
0.664 74 1324;
0.733 154 1326;
0.813 244 4;
0.617 116 1333;
0.980 192 0;
0.860 155 666;
0.385 97 663;
0.561 106 1336;
0.632 65 1323;
0.759 67 667;
0.311 293 9;
0.825 69 1997;