0.521 1935 138;
0.492 1927 36;
0.727 1459 391;
0.643 651 336;
0.666 1960 143;
0.815 1212 14;
0.833 1168 346;
0.582 1261 235;
0.451 657 64;
0.644 1107 66;
0.664 1479 146;
0.218 1918 353;
0.846 1316 391;
0.371 888 464;
0.496 1103 252;
0.811 1320 338;
0.419 1569 81;
0.687 1093 70;
0.387 1937 101;
0.779 1187 399;
0.252 1665 266;
0.461 1733 182;
0.345 1047 462;
0.456 716 240;
0.291 567 25;
0.587 1773 384;
0.484 494 474;
0.525 1897 259;
0.893 689 80;
0.65 1887 38;
0.715 1461 103;
0.805 856 438;
0.313 1354 280;
0.455 1442 395;
0.654 948 482;
0.563 669 1;
0.243 454 31;
0.455 1835 413;
0.551 445 391;
0.855 1206 363;
0.371 1960 431;
0.609 789 486;
0.582 751 285;
0.771 1627 227;
0.576 863 260;
0.679 1096 419;
0.321 891 69;
0.895 1516 2;
0.815 1215 83;
0.696 696 123;
0.597 676 19;
0.468 495 244;
0.343 1754 267;
0.677 782 192;
0.25 1216 37;
0.58 1064 252;
0.3 1786 153;
0.826 585 235;
0.85 1097 461;
0.609 860 58;
0.522 567 429;
0.595 1364 304;
0.358 1996 169;
0.364 1641 200;
0.227 1431 398;
0.719 1498 350;
0.371 1854 76;
0.642 1894 111;
0.614 847 293;
0.409 1517 456;
0.685 565 18;
0.498 1638 301;
0.235 1895 316;
0.481 1637 147;
0.692 1256 105;
0.342 1673 368;
0.873 739 380;
0.883 502 125;
0.415 1571 451;
0.246 1061 258;
0.567 669 80;
0.9 1743 388;
0.528 655 376;
0.281 945 0;
0.709 1825 195;
0.269 756 149;
0.451 691 324;
0.767 1304 469;
0.728 877 279;
0.688 419 41;
0.872 403 337;
0.342 1060 487;
0.456 1581 23;
0.307 544 166;
0.82 680 157;
0.722 1330 269;
0.258 647 347;
0.217 633 356;
0.799 1502 178;
0.359 782 247;
0.786 1230 27;
0.465 484 301;
0.261 1387 386;
0.451 1704 152;
0.669 1869 464;
0.301 1184 32;
0.292 1769 389;
0.8 719 143;
0.73 649 50;
0.774 716 342;
0.493 1643 281;
0.253 1001 14;
0.356 1336 401;
0.41 1592 122;
0.822 1312 73;
0.231 1263 192;
0.765 1570 371;
0.259 1830 267;
0.382 662 444;
0.221 959 194;
0.212 1148 406;
0.739 1476 83;
0.743 1449 188;
0.706 707 374;
0.358 1530 256;
0.739 1089 351;
0.308 1160 448;
0.812 969 300;
0.436 1978 248;
0.827 754 4;
0.47 1563 462;
0.203 1147 379;
0.308 1671 62;
0.643 1883 359;
0.684 1902 9;
0.394 498 459;
0.523 1670 77;
0.393 1835 48;
0.536 1227 110;
0.316 411 46;
0.768 1633 224;
0.422 1442 425;
0.473 730 154;
0.453 1680 275;
0.517 747 265;
0.438 1394 491;
0.27 1530 153;
0.767 1032 442;
0.736 745 255;
0.757 402 352;
0.862 793 142;
0.89 1228 168;
0.515 1487 257;
0.86 1110 314;
0.455 472 193;
0.689 1221 284;
0.775 1535 469;
0.759 503 270;
0.327 766 438;
0.534 1712 484;
0.409 1852 85;
0.38 593 40;
0.778 1441 62;
0.273 582 448;
0.205 1581 75;
0.878 1396 490;
0.718 1987 350;
0.292 675 260;
0.45 1344 448;
0.801 1217 227;
0.33 472 0;
0.45 858 17;
0.743 1309 178;
0.825 1806 349;
0.651 1609 49;
0.289 455 267;
0.677 1401 166;
0.666 722 235;
0.391 526 353;
0.774 415 423;
0.365 507 91;
0.568 1883 75;
0.455 1966 404;
0.727 1796 190;
0.575 1622 295;
0.722 1019 306;
0.479 1373 306;
0.364 417 368;
0.337 1515 195;
0.404 1852 81;
0.291 1184 260;
0.353 1418 232;
0.419 1059 84;
0.466 1593 492;
0.408 1089 385;
0.595 680 102;
0.877 1059 217;
0.677 679 103;
0.423 724 287;
0.69 821 253;
0.296 698 297;
0.426 1460 427;
0.362 1950 380;
0.574 1979 479;
0.895 1516 497;
0.337 510 372;
0.457 944 296;
0.713 1780 34;
0.458 1915 302;
0.808 1059 469;
0.601 829 452;
0.709 1342 271;
0.636 639 363;
0.429 1221 121;
0.683 1371 217;
0.671 882 349;
0.828 1634 36;
0.626 1804 293;
0.599 1379 25;
0.326 1226 51;
0.298 1825 405;
0.443 796 230;
0.266 1754 168;
0.635 1052 464;
0.211 1764 366;
0.232 1613 458;
0.666 1429 461;
0.629 1921 272;
0.271 1676 222;
0.295 1553 158;
0.824 479 440;
0.735 1575 133;
0.259 725 303;
0.715 1148 341;
0.646 1664 301;
0.747 1456 41;
0.483 1048 208;
0.559 1459 388;
0.391 975 213;
0.649 411 109;
0.425 938 444;
0.85 717 460;
0.829 421 84;
0.524 1440 457;
0.894 744 269;
0.428 767 351;
0.702 1128 472;
0.638 807 107;
0.28 874 12;
0.811 905 148;
0.755 1896 306;
0.859 1597 152;
0.613 1582 330;
0.87 646 344;
0.591 1668 30;
0.865 1323 477;
0.562 549 61;
0.522 1690 75;
0.729 1289 453;
0.871 1848 380;
0.253 454 81;
0.663 1476 281;
0.603 1528 274;
0.483 1938 337;
0.233 1122 243;
0.764 1826 435;
0.703 1128 0;
0.51 826 343;
0.212 950 341;
0.57 992 84;
0.322 1195 103;
0.688 1220 227;
0.431 1341 60;
0.364 1323 75;
0.791 1819 361;
0.568 1513 442;
0.276 481 2;
0.463 1507 178;
0.731 1889 285;
0.259 414 140;
0.219 1783 459;
0.435 1334 211;
0.238 1412 116;
0.854 1720 25;
0.747 1745 41;
0.486 1556 1;
0.879 1272 77;
0.61 1893 115;
0.265 620 292;
0.563 1816 218;
0.832 1402 448;
0.425 1502 354;
0.472 1859 406;
0.362 1442 424;
0.457 1600 71;
0.837 1808 262;
0.57 1180 376;
0.758 1765 0;
0.736 1802 213;
0.421 1404 24;
0.719 1488 421;
0.778 819 121;
0.259 1805 117;
0.326 1675 171;
0.613 1518 383;
0.334 1972 438;
0.304 1194 192;
0.445 1767 409;
0.389 1630 203;
0.696 889 12;
0.475 1414 287;
0.757 1150 295;
0.771 1434 369;
0.224 1222 352;
0.833 1180 495;
0.783 1714 279;
0.882 1458 398;
0.752 1326 303;
0.87 1088 237;
0.598 1569 448;
0.538 1882 434;
0.373 1304 362;
0.888 999 45;
0.584 651 269;
0.313 844 497;
0.461 1546 305;
0.859 1675 495;
0.66 1625 33;
0.644 1003 289;
0.896 1888 83;
0.747 569 305;
0.332 1282 499;
0.873 679 119;
0.266 1797 5;
0.782 1409 238;
0.881 419 360;
0.325 980 336;
0.588 763 404;
0.275 864 376;
0.868 1564 75;
0.297 755 103;
0.411 1071 267;
0.683 892 78;
0.469 1952 450;
0.357 1213 384;
0.519 1625 154;
0.519 637 490;
0.813 849 471;
0.726 1101 476;
0.468 764 396;
0.566 1958 188;
0.884 1640 97;
0.219 1389 392;
0.588 753 195;
0.641 1280 234;
0.586 1517 258;
0.243 1164 68;
0.342 656 41;
0.624 412 197;
0.51 824 437;
0.233 433 480;
0.342 939 430;
0.537 1425 424;
0.732 1114 315;
0.426 1244 260;
0.212 1073 213;
0.297 1886 72;
0.567 1716 270;
0.667 1505 361;
0.254 1466 304;
0.892 1698 406;
0.334 580 472;
0.598 957 172;
0.422 944 417;
0.239 1420 16;
0.725 751 46;
0.733 1321 364;
0.244 1423 116;
0.398 634 130;
0.701 928 92;
0.347 1860 71;
0.606 824 345;
0.575 697 46;
0.709 950 412;
0.27 517 225;
0.595 1348 62;
0.201 726 401;
0.77 1533 112;
0.297 832 163;
0.54 1204 492;
0.822 1845 398;
0.292 1528 117;
0.719 1001 254;
0.403 550 363;
0.281 1485 217;
0.457 1311 235;
0.69 518 148;
0.555 1874 289;
0.442 1789 181;
0.405 1333 9;
0.324 1103 206;
0.725 412 395;
0.282 680 399;
0.822 1451 303;
0.815 865 263;
0.899 1567 5;
0.356 839 4;
0.857 1651 279;
0.791 1315 337;
0.619 1563 60;
0.38 1146 426;
0.716 1660 423;
0.59 1201 137;
0.791 835 210;
0.843 1750 88;
0.594 1886 259;
0.308 1383 305;
0.254 888 329;
0.499 1463 206;
0.352 540 249;
0.899 960 368;
0.871 1512 233;
0.508 654 260;
0.422 1518 48;
0.784 623 350;
0.629 1580 459;
0.616 667 440;
0.677 830 127;
0.881 1465 472;
0.569 768 247;
0.699 1406 104;
0.679 1611 285;
0.412 1643 279;
0.441 1517 368;
0.471 482 386;
0.503 1971 349;
0.295 405 196;
0.605 1384 491;
0.557 1386 372;
0.691 462 335;
0.838 562 131;
0.594 1877 352;
0.858 790 173;
0.466 1391 407;
0.361 936 171;
0.893 894 361;
0.595 838 375;
0.672 577 48;
0.49 1115 282;
0.801 1217 72;
0.883 705 281;
0.391 1482 424;
0.845 597 223;
0.528 1255 304;
0.308 1949 363;
0.523 1683 406;
0.361 1096 296;
0.425 718 438;
0.462 1520 428;
0.62 553 336;
0.532 1313 216;
0.868 830 135;
0.826 900 350;
0.492 1305 189;
0.345 778 111;
0.776 965 441;
0.805 2000 458;
0.623 531 439;
0.856 865 431;
0.896 1113 400;
0.829 822 440;
0.525 1326 178;
0.245 1129 456;
0.488 577 490;
0.411 841 100;
0.799 407 40;
0.472 1735 11;
0.878 1073 11;
0.667 664 419;
0.229 1528 315;
0.833 1989 117;
0.514 1933 76;
0.386 1047 467;
0.594 516 398;
0.476 1574 495;
0.675 792 283;
0.586 1227 249;
0.557 1164 167;
0.353 509 83;
0.768 634 100;
0.878 1494 267;
0.208 1143 402;
0.581 1263 380;
0.753 1008 466;
0.793 1332 439;
0.349 778 425;
0.368 1345 465;
0.873 1727 436;
0.36 1615 342;
0.649 616 351;
0.677 719 367;
0.702 766 215;
0.556 1623 291;
0.801 459 113;
0.203 1607 381;
0.625 1625 449;
0.586 1813 416;
0.519 1476 480;
0.773 1205 412;
0.697 862 442;
0.633 530 309;
0.402 1876 326;
0.386 430 88;
0.835 1116 370;
0.859 1667 276;
0.601 1594 32;
0.221 735 328;
0.745 795 127;
0.582 839 39;
0.222 1913 97;
0.776 1379 161;
0.302 558 226;
0.627 1402 278;
0.259 483 252;
0.898 1969 14;
0.579 618 74;
0.656 1514 479;
0.42 628 199;
0.344 1602 377;
0.838 1506 201;
0.757 959 368;
0.21 727 399;
0.672 894 383;
0.64 1782 332;
0.644 532 346;
0.692 1247 346;
0.638 868 357;
0.819 794 433;
0.472 459 137;
0.83 1267 203;
0.774 1865 427;
0.353 877 56;
0.328 1347 420;
0.219 1699 123;
0.464 1021 421;
0.274 1414 12;
0.381 1132 497;
0.316 649 235;
0.218 576 164;
0.594 1354 482;
0.636 1531 57;
0.371 655 278;
0.58 1802 154;
0.308 1074 82;
0.271 1296 298;
0.505 1229 294;
0.677 1863 91;
0.311 1302 318;
0.286 1515 106;
0.602 552 410;
0.415 1607 318;
0.821 778 433;
0.824 1493 189;
0.33 703 297;
0.573 770 419;
0.336 1460 197;
0.554 1659 351;
0.65 1475 151;
0.582 1065 176;
0.249 1192 438;
0.38 1843 435;
0.862 909 20;
0.669 1179 463;
0.669 1603 198;
0.775 479 346;
0.216 1935 294;
0.519 1915 426;
0.373 1814 341;
0.366 1212 204;
0.433 1077 440;
0.6 449 290;
0.879 999 122;
0.233 1138 195;
0.599 1652 5;
0.435 1544 406;
0.528 785 269;
0.413 1494 109;
0.76 1621 135;
0.562 1951 96;
0.671 829 109;
0.888 865 49;
0.888 438 258;
0.704 427 140;
0.338 458 418;
0.718 1364 273;
0.897 1607 473;
0.271 1486 437;
0.777 1585 448;
0.653 883 243;
0.204 642 250;
0.861 753 212;
0.64 1306 223;
0.478 1668 429;
0.737 842 272;
0.882 1176 455;
0.791 1128 41;
0.328 1571 287;
0.267 1703 408;
0.664 1477 304;
0.385 741 236;
0.315 1295 495;
0.759 593 422;
0.373 740 219;
0.338 959 106;
0.882 580 459;
0.32 596 500;
0.537 1647 498;
0.289 427 201;
0.595 1683 305;
0.318 491 248;
0.827 1666 195;
0.274 516 410;
0.689 886 118;
0.597 1602 146;
0.637 1261 213;
0.588 1605 323;
0.883 1378 425;
0.431 1767 16;
0.754 532 445;
0.3 903 213;
0.532 1935 4;
0.649 655 283;
0.847 929 70;
0.407 1941 323;
0.721 1764 440;
0.435 1516 35;
0.65 923 335;
0.835 600 116;
0.245 896 465;
0.869 465 130;
0.314 1536 76;
0.44 653 187;
0.22 1647 106;
0.57 401 344;
0.319 1047 69;
0.539 1177 73;
0.27 646 313;
0.708 1893 297;
0.742 1410 420;
0.663 1043 333;
0.563 1469 95;
0.757 1553 435;
0.279 1808 456;
0.567 1553 233;
0.346 1431 358;
0.623 688 143;
0.57 606 289;
0.671 1046 441;
0.466 915 55;
0.812 622 120;
0.876 1681 315;
0.632 880 460;
0.687 1940 21;
0.252 1821 57;
0.871 1153 138;
0.604 597 466;
0.215 847 235;
0.706 687 356;
0.659 487 237;
0.463 1568 400;
0.836 475 270;
0.764 1734 89;
0.827 1677 403;
0.739 1154 253;
0.364 1924 98;
0.214 1399 7;
0.542 1338 289;
0.555 1992 495;
0.425 1385 215;
0.372 1292 398;
0.641 897 281;
0.228 686 281;
0.25 1023 350;
0.779 752 98;
0.369 612 86;
0.307 1064 102;
0.864 1761 316;
0.225 1865 480;
0.842 1219 78;
0.748 1435 251;
0.389 995 318;
0.539 695 485;
0.799 1890 145;
0.898 802 75;
0.536 1610 424;
0.241 1576 211;
0.469 1161 50;
0.613 1265 325;
0.319 1152 472;
0.21 975 203;
0.899 1202 63;
0.732 821 153;
0.338 703 274;
0.528 1225 420;
0.361 1239 117;
0.364 1446 432;
0.673 1864 69;
0.482 797 259;
0.209 988 195;
0.329 1688 158;
0.89 1572 245;
0.524 562 458;
0.769 1272 260;
0.835 1665 433;
0.677 875 215;
0.225 1745 213;
0.649 1350 150;
0.872 523 178;
0.511 1622 371;
0.513 471 433;
0.333 728 332;
0.444 1786 400;
0.809 770 434;
0.661 1786 438;
0.758 1683 269;
0.898 1815 441;
0.685 1062 133;
0.314 1267 473;
0.644 1065 357;
0.629 1800 448;
0.875 1000 199;
0.762 1662 460;
0.557 1243 85;
0.634 1621 254;
0.684 859 126;
0.759 1236 342;
0.422 1882 471;
0.637 1101 303;
0.549 498 388;
0.797 1136 257;
0.492 1627 52;
0.522 609 65;
0.632 1381 16;
0.792 641 175;
0.528 1595 486;
0.746 1948 48;
0.32 709 113;
0.883 977 362;
0.883 1656 460;
0.231 1906 481;
0.643 1207 74;
0.241 1623 231;
0.412 1393 299;
0.465 1509 164;
0.478 885 415;
0.693 498 103;
0.366 1476 198;
0.442 1921 430;
0.821 1318 31;
0.615 421 37;
0.782 789 67;
0.877 431 177;
0.234 1501 141;
0.583 958 201;
0.743 678 391;
0.703 538 384;
0.214 1190 419;
0.826 1867 402;
0.516 1954 104;
0.709 1130 296;
0.845 911 336;
0.252 1498 121;
0.334 609 279;
0.72 969 372;
0.537 1869 83;
0.458 1132 30;
0.565 407 356;
0.767 546 179;
0.57 1064 415;
0.237 1215 95;
0.848 1380 426;
0.772 906 359;
0.778 551 412;
0.389 1353 480;
0.622 409 159;
0.768 819 307;
0.378 1935 438;
0.369 904 116;
0.551 1999 160;
0.745 599 478;
0.521 1935 189;
0.562 1805 185;
0.375 1233 199;
0.702 813 340;
0.631 646 333;
0.279 1574 202;
0.496 793 186;
0.417 1508 188;
0.337 1749 242;
0.528 1897 492;
0.755 1882 10;
0.229 419 205;
0.492 1631 182;
0.833 454 349;
0.338 1400 20;
0.88 724 6;
0.793 627 403;
0.758 1535 30;
0.461 1056 251;
0.553 1355 65;
0.753 1117 418;
0.565 1520 185;
0.829 586 355;
0.565 1370 499;
0.75 1945 279;
0.61 700 84;
0.878 895 362;
0.222 859 75;
0.445 1141 440;
0.422 489 365;
0.869 742 188;
0.268 1921 269;
0.255 820 368;
0.26 733 77;
0.256 923 187;
0.293 1026 427;
0.469 501 167;
0.617 1875 385;
0.456 1271 259;
0.365 1863 256;
0.594 408 152;
0.779 529 12;
0.537 656 70;
0.428 1991 339;
0.358 1945 352;
0.469 1534 396;
0.237 530 324;
0.622 744 402;
0.515 1716 31;
0.746 544 143;
0.202 522 424;
0.422 1089 191;
0.645 1826 386;
0.307 871 54;
0.607 691 358;
0.404 1623 412;
0.696 443 302;
0.767 1356 477;
0.779 1738 440;
0.546 663 464;
0.852 1585 43;
0.519 1292 202;
0.432 581 172;
0.579 447 321;
0.75 1198 349;
0.527 1192 132;
0.34 770 370;
0.562 1118 90;
0.365 482 46;
0.719 1810 92;
0.227 1953 460;
0.499 405 183;
0.282 415 376;
0.59 769 258;
0.476 540 191;
0.464 1439 285;
0.595 1896 300;
0.795 1405 338;
0.227 694 126;
0.31 501 65;
0.446 1498 326;
0.688 406 241;
0.786 1386 294;
0.782 846 225;
0.343 1552 392;
0.328 1300 261;
0.266 1144 170;
0.323 1537 320;
0.68 1595 152;
0.644 575 258;
0.234 606 176;
0.536 1761 157;
0.683 895 472;
0.633 741 244;
0.63 1970 15;
0.235 465 427;
0.792 1866 443;
0.874 1592 312;
0.516 1538 81;
0.457 1244 133;
0.737 876 375;
0.419 960 44;
0.347 1576 197;
0.486 666 279;
0.802 1294 29;
0.662 1417 106;
0.421 697 318;
0.329 786 95;
0.495 992 65;
0.282 1718 298;
0.419 1035 66;
0.285 1660 298;
0.284 1124 456;
0.564 1678 98;
0.375 1978 81;
0.74 1704 152;
0.885 1692 336;
0.699 706 417;
0.591 1785 417;
0.512 501 324;
0.22 1718 252;
0.808 560 305;
0.72 458 383;
0.561 1006 413;
0.229 1113 499;
0.228 964 435;
0.886 1177 451;
0.212 790 201;
0.808 581 451;
0.796 553 371;
0.9 1066 270;
0.861 870 40;
0.481 853 242;
0.672 1489 282;
0.761 1391 237;
0.59 1617 293;
0.588 1580 499;
0.415 1997 55;
0.853 723 182;
0.665 1188 228;
0.415 1842 353;
0.568 914 472;
0.548 1090 132;
0.233 1954 363;
0.792 1123 150;
0.881 1031 244;
0.634 1646 287;
0.446 1270 410;
0.842 1027 430;
0.66 667 482;
0.221 759 318;
0.732 1828 497;
0.857 1609 67;
0.305 701 474;
0.507 611 254;
0.837 779 197;
0.5 509 259;
0.445 1291 84;
0.816 843 258;
0.374 851 67;
0.412 1843 5;
0.687 1581 386;
0.271 1993 19;
0.527 1128 42;
0.842 1227 285;
0.777 888 293;
0.347 1178 465;
0.297 1700 430;
0.613 888 30;
0.626 1803 406;
0.819 1544 387;
0.354 852 437;
0.788 980 406;
0.725 1495 81;
0.748 1193 230;
0.8 1373 320;
0.503 1497 153;
0.719 1764 317;
0.891 773 24;
0.574 1604 158;
0.474 1498 391;
0.294 1539 353;
0.418 1145 179;
0.557 1614 417;
0.453 1873 130;
0.558 1545 444;
0.261 1075 350;
0.883 1399 184;
0.641 1382 158;
0.355 610 33;
0.794 939 354;
0.298 824 119;
0.801 645 260;
0.766 1299 362;
0.765 795 96;
0.324 1986 409;
0.571 918 9;
0.581 1036 107;
0.879 1493 347;
0.441 479 116;
0.816 1110 249;
0.708 1477 61;
0.594 1388 428;
0.817 1946 409;
0.632 1120 254;
0.501 623 222;
0.666 1383 204;
0.619 463 289;
0.259 1224 0;
0.606 1752 469;