0.489 403 177;
0.914 503 199;
0.803 249 93;
0.831 463 60;
0.33 119 48;
0.456 303 277;
0.48 230 143;
0.978 683 300;
0.436 678 89;
0.91 583 220;
0.671 456 91;
0.755 90 165;
0.324 164 122;
0.618 86 57;
0.368 448 65;
0.783 114 9;
0.42 456 165;
0.405 593 91;
0.497 697 274;
0.355 561 206;
0.646 758 273;
0.557 213 176;
0.601 551 283;
0.66 615 243;
0.977 82 225;
0.716 549 141;
0.318 112 257;
0.628 204 219;
0.375 205 103;
0.875 83 223;
0.425 679 245;
0.645 178 162;
0.357 62 256;
0.936 780 79;
0.692 568 147;
0.455 314 77;
0.959 606 166;
0.537 509 117;
0.452 114 298;
0.392 43 20;
0.326 573 36;
0.36 434 27;
0.905 165 122;
0.822 537 99;
0.357 171 41;
0.62 539 144;
0.908 413 253;
0.619 293 263;
0.425 62 245;
0.336 48 256;
0.79 379 80;
0.965 353 71;
0.547 169 16;
0.838 186 76;
0.398 686 261;
0.522 658 247;
0.657 576 194;
0.862 798 129;
0.757 592 127;
0.445 672 165;
0.581 292 120;
0.307 719 11;
0.657 142 176;
0.651 750 203;
0.57 727 214;
0.588 559 291;
0.567 115 222;
0.836 557 26;
0.557 363 253;
0.512 512 237;
0.347 396 99;
0.828 487 12;
0.584 231 229;
0.826 256 287;
0.976 675 111;
0.576 476 143;
0.942 387 269;
0.346 768 63;
0.603 484 2;
0.706 226 170;
0.449 278 7;
0.646 342 296;
0.382 538 110;
0.967 231 150;
0.494 573 294;
0.355 601 14;
0.675 595 241;
0.328 322 26;
0.979 421 57;
0.975 129 88;
0.971 637 116;
0.485 607 261;
0.648 90 236;
0.383 107 184;
0.63 411 144;
0.375 304 107;
0.719 157 267;
0.312 364 226;
0.602 306 28;
0.659 244 20;
0.799 212 278;
0.847 199 188;
0.95 67 152;
0.503 597 75;
0.346 118 273;
0.39 463 65;
0.899 693 72;
0.692 364 204;
0.523 744 112;
0.681 43 217;
0.46 293 69;
0.703 521 121;
0.806 685 188;
0.764 458 263;
0.389 293 267;
0.499 235 240;
0.532 791 258;
0.91 76 156;
0.592 665 232;
0.675 469 264;
0.811 719 26;
0.651 427 14;
0.535 490 207;
0.308 87 68;
0.972 512 293;
0.941 447 294;
0.682 444 204;
0.923 457 59;
0.591 273 270;
0.705 199 219;
0.724 523 155;
0.998 376 4;
0.346 254 190;
0.83 282 50;
0.485 237 136;
0.599 571 271;
0.636 749 108;
0.702 388 40;
0.485 308 145;
0.323 519 148;
0.983 777 134;
0.773 726 129;
0.932 747 243;
0.778 305 108;
0.986 444 85;
0.524 156 188;
0.583 233 251;
0.854 240 154;
0.325 463 132;
0.47 172 148;
0.77 50 236;
0.799 158 179;
0.479 119 2;
0.43 600 96;
0.686 557 197;
0.693 305 180;
0.957 434 135;
0.319 469 214;
0.78 402 81;
0.714 442 202;
0.427 439 200;
0.786 89 162;
0.896 267 127;
0.787 590 6;
0.588 72 190;
0.857 692 284;
0.366 61 184;
0.545 375 201;
0.992 527 191;
0.905 727 208;
0.456 178 186;
0.328 90 13;
0.743 758 277;
0.843 452 226;
0.954 233 140;
0.552 388 153;
0.998 453 130;
0.622 39 157;
0.929 679 194;
0.936 689 241;
0.688 234 26;
0.304 390 98;
0.559 668 188;
0.958 186 22;
0.481 507 186;
0.414 722 253;
0.515 124 147;
0.304 435 258;
0.736 36 281;
0.745 640 144;
0.513 176 180;
0.571 158 233;
0.487 524 300;
0.44 741 54;
0.836 371 111;
0.743 592 240;
0.796 417 70;
0.816 665 299;
0.788 712 113;
0.495 193 105;
0.674 661 28;
0.724 630 175;
0.981 238 34;
0.499 645 161;
0.783 675 36;
0.342 466 25;
0.53 484 13;
0.998 120 16;
0.665 672 205;
0.368 493 281;
0.971 649 128;
0.318 48 13;
0.688 305 57;
0.506 418 226;
0.702 279 256;
0.311 135 169;
0.985 66 97;
0.772 352 83;
0.842 178 159;
0.542 358 158;
0.962 747 64;
0.585 607 46;
0.833 788 46;
0.522 602 274;
0.379 628 242;
0.783 517 157;
0.73 62 114;
0.982 658 166;
0.677 456 3;
0.641 65 38;
0.34 618 132;
0.409 215 14;
0.925 762 14;
0.399 449 142;
0.631 426 63;
0.68 434 91;
0.343 312 175;
0.465 397 205;
0.61 77 130;
0.318 494 214;
0.739 640 206;
0.469 407 271;
0.396 552 68;
0.444 452 98;
0.954 459 154;
0.947 324 188;
0.562 211 156;
0.965 408 166;
0.466 145 22;
0.416 722 266;
0.45 460 53;
0.664 531 122;
0.843 475 40;
0.549 800 225;
0.378 179 241;
0.866 451 95;
0.325 124 60;
0.927 736 145;
0.341 138 154;
0.526 89 118;
0.374 440 163;
0.641 54 27;
0.709 722 92;
0.71 503 286;
0.665 283 192;
0.759 408 169;
0.53 416 201;
0.512 501 21;
0.772 257 68;
0.841 305 8;
0.728 282 83;
0.779 555 205;
0.58 406 143;
0.769 215 274;
0.563 389 31;
0.98 59 98;
0.903 641 166;
0.978 239 250;
0.595 304 157;
0.372 705 179;
0.817 618 11;
0.905 196 170;
0.573 502 92;
0.833 523 26;
0.334 519 235;
0.538 67 223;
0.74 487 89;
0.627 86 26;
0.686 496 168;
0.478 234 284;
0.878 419 73;
0.47 540 152;
0.404 641 121;
0.469 735 120;
0.318 432 204;
0.508 765 59;
0.574 208 278;
0.588 356 90;
0.509 283 151;
0.694 794 210;
0.571 269 75;
0.557 360 168;
0.827 37 242;
0.91 304 132;
0.36 351 39;
0.953 353 278;
0.488 363 94;
0.353 614 96;
0.435 466 141;
0.303 475 272;
0.503 706 172;
0.767 200 115;
0.782 87 48;
0.718 768 220;
0.833 186 103;
0.654 751 249;
0.456 80 225;
0.401 709 41;
0.679 166 248;
0.449 440 221;
0.858 122 129;
0.733 720 294;
0.567 33 117;
0.657 668 255;
0.335 116 2;
0.574 308 145;
0.436 616 201;
0.987 749 266;
0.606 96 129;
0.903 140 101;
0.373 690 216;
0.354 373 16;
0.484 402 119;
0.863 618 41;
0.32 576 68;
0.915 631 140;
0.508 687 258;
0.925 150 297;
0.8 327 19;
0.781 574 227;
0.57 778 141;
0.448 542 278;
0.64 100 64;
0.804 576 5;
0.402 381 270;
0.419 266 9;
0.825 340 52;
0.313 661 165;
0.465 390 148;
0.961 628 88;
0.871 453 236;
0.399 686 52;
0.312 134 1;
0.841 584 111;
0.432 722 286;
0.697 666 291;
0.549 128 138;
0.664 56 8;
0.568 537 155;
0.979 519 13;
0.869 96 145;
0.399 609 232;
0.588 426 209;
0.971 59 210;
0.629 675 202;
0.935 515 163;
0.856 590 276;
0.772 240 236;
0.497 546 254;
0.841 265 33;
0.436 71 169;
0.601 276 96;
0.745 120 11;
0.956 456 249;
0.514 130 197;
0.727 73 195;
0.347 505 217;
0.606 151 195;
0.49 527 268;
0.312 444 158;
0.668 358 100;
0.499 543 13;
0.471 710 68;
0.963 357 255;
0.374 65 212;
0.974 241 278;
0.908 81 44;
0.474 39 120;
0.554 745 60;
0.409 293 185;
0.789 175 269;
0.437 747 23;
0.477 37 64;
0.497 373 85;
0.347 773 256;
0.934 515 40;
0.513 749 218;
0.484 106 292;
0.651 324 1;
0.805 635 284;
0.518 464 59;
0.404 204 98;
0.529 331 216;
0.354 701 209;
0.702 323 17;
0.511 293 119;
0.528 754 47;
0.497 702 13;
0.692 622 263;
0.381 217 194;
0.403 564 282;
0.944 280 153;
0.79 714 276;
0.8 123 286;
0.631 433 254;
0.485 599 68;
0.574 248 142;
0.323 565 200;
0.456 239 34;
0.745 67 37;
0.725 753 4;
0.746 194 223;
0.348 481 278;
0.902 601 193;
0.775 410 210;
0.7 766 130;
0.63 793 238;
0.887 408 247;
0.495 61 244;
0.983 206 26;
0.773 342 286;
0.72 255 114;
0.378 63 16;
0.8 602 151;
0.728 373 173;
0.886 424 191;
0.664 171 259;
0.661 219 221;
0.862 211 97;
0.93 603 122;
0.571 535 183;
0.316 690 144;
0.326 452 273;
0.841 175 182;
0.552 112 27;
0.856 271 218;
0.799 203 53;
0.887 769 224;
0.919 70 35;
0.638 108 290;
0.704 261 156;
0.536 783 173;
0.45 106 122;
0.788 504 198;
0.631 129 60;
0.642 408 52;
0.332 632 177;
0.833 308 117;
0.903 407 179;
0.515 558 267;
0.491 342 292;
0.988 638 79;
0.79 725 27;
0.623 397 264;
0.596 696 29;
0.828 176 289;
0.34 165 36;
0.602 197 265;
0.613 570 57;
0.871 519 229;
0.797 278 100;
0.56 359 34;
0.483 441 34;
0.79 102 279;
0.574 721 73;
0.6 649 24;
0.448 202 79;
0.669 698 123;
0.941 765 267;
0.645 393 109;
0.687 215 214;
0.54 241 44;
0.621 310 54;
0.767 351 283;
0.927 569 10;
0.976 785 103;
0.647 635 0;
0.336 351 33;
0.923 112 196;
0.676 348 252;
0.463 599 185;
0.712 161 117;
0.783 154 155;
0.661 724 183;
0.935 553 176;
0.411 438 98;
0.441 198 155;
0.583 433 205;
0.362 409 160;
0.949 652 128;
0.762 137 111;
0.541 560 126;
0.372 615 262;
0.926 583 93;
0.966 548 189;
0.433 99 66;
0.474 275 17;
0.795 437 269;
0.475 234 269;
0.64 332 253;
0.822 60 246;
0.558 438 125;
1.0 496 51;
0.817 350 265;
0.92 760 247;
0.577 384 236;
0.59 680 92;
0.732 384 245;
0.989 772 76;
0.657 208 145;
0.709 266 77;
0.866 758 218;
0.84 726 292;
0.73 358 82;
0.644 189 157;
0.847 238 195;
0.989 190 279;
0.573 116 290;
0.998 601 272;
0.618 788 217;
0.514 218 199;
0.662 457 118;
0.45 131 33;
0.831 240 256;
0.443 685 158;
0.778 463 16;
0.927 416 284;
0.887 426 181;
0.567 520 131;
0.931 494 109;
0.572 382 286;
0.579 757 19;
0.342 448 278;
0.822 771 143;
0.957 551 185;
0.938 610 41;
0.79 49 138;
0.88 661 125;
0.601 725 161;
0.846 315 283;
0.63 674 288;
0.706 245 25;
0.555 80 35;
0.756 303 257;
0.699 192 144;
0.809 212 120;
0.98 56 153;
0.919 408 91;
0.723 604 114;
0.533 31 290;
0.695 325 201;
0.313 734 80;
0.888 706 197;
0.375 642 247;
0.368 108 281;
0.945 50 112;
0.886 633 0;
0.431 211 182;
0.872 333 220;
0.314 797 32;
0.64 403 35;
0.879 750 7;
0.756 72 209;
0.756 269 138;
0.61 637 62;
0.337 341 299;
0.777 703 210;
0.637 717 187;
0.375 113 226;
0.9 608 244;
0.759 717 289;
0.837 627 260;
0.416 388 228;
0.849 67 120;
0.461 63 47;
0.911 371 290;
0.96 429 21;
0.63 565 72;
0.879 239 55;
0.908 715 75;
0.33 653 112;
0.487 776 291;
0.405 550 36;
0.767 765 151;
0.65 340 162;
0.307 408 204;
0.875 123 223;
0.7 430 63;
0.837 35 277;
0.428 276 3;
0.318 462 72;
0.544 42 87;
0.711 583 132;
0.692 332 77;
0.374 73 79;
0.783 625 229;
0.509 266 265;
0.717 98 101;
0.881 440 129;
0.589 648 221;
0.916 800 207;
0.973 190 114;
0.756 687 21;
0.978 515 133;
0.316 350 220;
0.374 243 197;
0.747 165 236;
0.953 222 32;
0.756 325 63;
0.324 744 123;
0.746 101 144;
0.885 620 248;
0.509 607 216;
0.474 768 62;
0.57 436 101;
0.982 702 123;
0.58 460 63;
0.907 776 145;
0.553 526 125;
0.951 797 189;
0.514 310 40;
0.903 646 224;
0.81 154 126;
0.622 301 67;
0.729 791 285;
0.31 488 148;
0.78 471 42;
0.426 168 77;
0.722 225 28;
0.806 100 190;
0.358 288 144;
0.341 612 207;
0.866 438 105;
0.383 691 132;
0.653 461 141;
0.599 431 238;
0.692 336 253;
0.861 428 178;
0.488 96 240;
0.392 141 231;
0.58 402 27;
0.538 202 112;
0.352 637 94;
0.659 205 235;
0.923 234 49;
0.439 692 120;
0.65 446 21;
0.405 228 240;
0.558 197 24;
0.964 630 249;
0.794 660 5;
0.888 201 237;
0.341 520 166;
0.412 484 100;
0.345 52 127;
0.591 159 222;
0.759 668 9;
0.591 670 137;
0.635 697 270;
0.758 695 173;
0.513 139 42;
0.933 173 1;
0.847 384 54;
0.479 427 268;
0.685 659 260;
0.559 269 281;
0.691 443 98;
0.726 309 21;
0.801 359 227;
0.886 195 260;
0.857 252 242;
0.676 495 296;
0.337 555 300;
0.49 702 168;
0.712 415 279;
0.716 97 240;
0.921 159 30;
0.716 618 257;
0.839 399 200;
0.757 557 115;
0.389 644 141;
0.817 772 293;
0.826 72 275;
0.412 714 160;
0.882 387 180;
0.654 489 162;
0.832 234 168;
0.436 354 166;
0.431 280 216;
0.618 359 115;
0.628 189 218;
0.85 342 91;
0.406 395 282;
0.455 159 115;
0.868 799 175;
0.748 696 60;
0.705 616 213;
0.88 566 152;
0.67 278 230;
0.528 269 148;
0.306 441 205;
0.565 47 177;
0.842 609 187;
0.818 638 49;
0.777 522 136;
0.724 69 5;
0.725 437 280;
0.542 413 286;
0.858 769 73;
0.601 307 63;
0.683 495 220;
0.438 271 47;
0.833 368 45;
0.885 773 89;
0.711 346 157;
0.416 61 54;
0.963 584 49;
0.449 715 247;
0.82 397 196;
0.818 718 199;
0.623 325 73;
0.385 60 226;
0.412 144 64;
0.789 615 160;
0.633 166 276;
0.891 352 79;
0.655 311 255;
0.73 781 143;
0.774 60 60;
0.359 741 174;
0.316 739 123;
0.505 525 245;
0.478 367 127;
0.883 153 30;
0.324 330 100;
0.884 258 15;
0.477 412 98;
0.915 674 222;
0.34 645 234;
0.927 412 168;
0.307 696 107;
0.731 100 172;
0.771 200 296;
0.995 726 176;
0.715 248 103;
0.326 371 94;
0.944 449 274;
0.94 334 97;
0.804 649 15;
0.722 196 98;
0.495 232 184;
0.304 230 293;
0.388 390 27;
0.712 491 106;
0.539 401 286;
0.544 521 162;
0.444 479 115;
0.942 594 24;
0.822 78 232;
0.788 242 26;
0.438 631 132;
0.723 781 56;
0.724 616 201;
0.987 478 279;
0.636 625 35;
0.809 353 180;
0.459 201 213;
0.343 331 104;
0.735 542 11;
0.942 456 230;
0.895 631 198;
0.618 716 299;
0.716 219 268;
0.646 53 40;
0.808 155 65;
0.612 40 33;
0.443 719 229;
0.728 226 17;
0.894 109 118;
0.725 732 120;
0.316 553 260;
0.348 227 248;
0.995 169 2;
0.471 743 94;
0.485 787 97;
0.702 597 206;
0.39 779 112;
0.888 715 79;
0.69 541 246;
0.636 51 246;
0.489 178 165;
0.565 366 181;
0.746 58 22;
0.524 503 41;
0.37 181 81;
0.883 725 101;
0.697 483 76;
0.577 767 260;
0.75 469 67;
0.71 61 0;
0.54 645 18;
0.498 503 68;
0.723 262 8;
0.506 145 208;
0.449 310 56;
0.557 111 106;
0.539 80 171;
0.867 237 281;
0.811 235 159;
0.493 347 198;
0.892 669 110;
0.856 499 10;
0.888 79 283;
0.498 470 93;
0.909 52 284;
0.763 300 36;
0.585 373 174;
0.504 552 262;
0.879 75 91;
0.394 282 188;
0.387 652 166;
0.805 273 76;
0.473 725 36;
0.311 386 78;
0.636 648 190;
0.766 332 106;
0.368 435 90;
0.984 728 95;
0.563 306 116;
0.559 563 99;
0.902 455 76;
0.526 332 87;
0.815 462 193;
0.577 462 179;
0.31 256 298;
0.59 296 192;
0.899 336 268;
0.706 765 78;
0.505 473 295;
0.421 256 247;
0.889 169 166;
0.888 602 57;
0.528 311 148;
0.753 475 202;
0.35 445 270;
0.93 543 262;
0.526 655 41;
0.657 189 224;
0.308 454 154;
0.375 548 187;
0.492 234 114;
0.638 302 78;
0.455 103 178;
0.518 397 147;
0.609 664 100;
0.423 475 107;
0.58 636 277;
0.664 579 253;
0.534 484 65;
0.801 430 118;
0.804 310 226;
0.587 421 35;
0.439 797 208;
0.566 583 234;
0.628 663 17;
0.541 756 282;
0.347 425 238;
0.365 436 235;
0.825 156 85;
0.597 310 213;
0.472 413 50;
0.805 63 70;
0.322 405 4;
0.38 694 5;
0.943 616 85;
0.917 215 112;
0.301 273 185;
0.613 581 190;
0.78 400 157;
0.349 166 269;
0.43 656 93;
0.998 652 235;
0.936 589 206;
0.735 502 231;
0.944 252 116;
0.898 503 11;
0.574 115 299;
0.469 565 48;
0.311 637 237;
0.618 349 176;
0.885 530 254;
0.81 705 123;
0.8 266 184;
0.376 332 34;
0.726 751 32;
0.673 682 16;
0.362 462 216;
0.36 132 50;
0.868 159 16;
0.631 38 288;
0.328 279 174;
0.542 664 195;
0.318 55 170;
0.443 210 73;
0.565 622 151;
0.87 576 294;
0.727 74 66;
0.821 310 146;
0.876 395 122;
0.383 749 17;
0.405 596 27;
0.762 656 233;
0.387 667 141;
0.908 585 99;
0.989 122 59;
0.366 683 200;
0.935 611 147;
0.561 191 147;
0.446 480 187;
0.783 679 131;
0.878 370 269;
0.561 657 287;
0.776 128 182;
0.816 355 238;
0.397 593 240;
0.886 412 86;
0.802 713 80;
0.817 289 167;
0.467 55 198;
0.972 558 271;
0.886 30 164;
0.305 81 92;
0.802 458 49;
0.486 541 142;
0.447 644 175;
0.863 119 123;
0.468 691 291;
0.972 418 75;
0.44 100 148;
0.667 312 156;
0.378 500 147;
0.591 94 53;
0.347 580 0;
0.665 132 133;
0.858 542 182;
0.329 568 54;
0.304 340 287;
0.403 216 252;
0.745 132 73;
0.901 532 272;
0.389 140 142;
0.605 355 11;
0.466 280 288;
0.877 107 49;
0.417 473 242;
0.515 437 246;
0.557 391 57;
0.43 599 252;
0.818 87 181;
0.945 44 215;
0.865 625 23;
0.524 568 125;
0.399 741 13;
0.433 496 136;
0.7 249 214;
0.927 780 295;
0.576 102 207;
0.441 121 229;
0.746 662 10;
0.433 91 243;
0.98 422 177;
0.93 653 33;
0.896 733 68;
0.74 526 135;
0.715 59 290;
0.501 765 131;
0.472 641 157;
0.525 459 132;
0.837 218 225;
0.821 248 164;
0.887 665 238;
0.614 699 108;
0.447 549 7;
0.737 441 185;
0.551 42 41;
0.515 287 227;
0.53 202 266;
0.605 720 176;
0.93 225 257;
0.646 662 155;