0.972 1559 2224;
0.914 2674 938;
0.958 1108 2148;
0.662 3692 192;
0.63 1128 1840;
0.79 1839 855;
0.697 717 608;
0.893 3491 201;
0.965 1771 1406;
0.835 1964 1713;
0.662 1753 55;
0.758 815 2547;
0.749 792 3182;
0.997 3647 96;
0.799 3566 6;
0.746 2508 1392;
0.686 1202 870;
0.979 872 1233;
0.88 1840 243;
0.983 521 3020;
0.898 3148 162;
0.66 725 2029;
0.86 3297 188;
0.986 793 961;
0.717 3760 59;
0.827 2591 918;
0.793 680 68;
0.668 2587 185;
0.989 3352 215;
0.987 2874 338;
0.968 3753 35;
0.898 3623 127;
0.709 3490 351;
0.723 1360 1842;
0.902 1409 2266;
0.689 3169 324;
0.822 267 1808;
0.785 1931 2046;
0.624 1227 595;
0.989 946 1640;
0.836 1785 691;
0.798 1739 1971;
0.669 1680 1691;
0.631 3292 682;
0.771 1543 1368;
0.932 3251 31;
0.815 1224 1840;
0.661 1887 1867;
0.967 3737 10;
0.907 3719 116;
0.856 3260 413;
0.663 1097 2473;
0.828 1421 852;
0.664 1601 648;
0.684 2797 965;
0.62 3619 72;
0.66 3095 49;
0.839 939 415;
0.857 1672 740;
0.644 477 994;
0.896 1204 1571;
0.905 2583 134;
0.726 984 2473;
0.649 2940 1021;
0.807 3265 86;
0.653 2389 188;
0.72 3783 159;
0.709 3594 115;
0.93 1312 483;
0.922 1668 1680;
0.915 2164 1595;
0.739 1675 448;
0.697 3059 782;
0.803 3242 316;
0.798 434 2197;
0.674 1660 1445;
0.779 1844 822;
0.616 1378 351;
0.815 2005 1508;
0.655 1956 1093;
0.825 1710 1428;
0.926 2013 964;
0.981 1760 278;
0.735 222 2300;
0.933 1897 1438;
0.809 2476 402;
0.604 3587 132;
0.983 2980 824;
0.61 1558 1582;
0.646 1950 1660;
0.671 3016 105;
0.699 3476 113;
0.621 693 1181;
0.836 806 1622;
0.954 936 347;
0.9 2015 911;
0.765 2763 1142;
0.864 2847 565;
0.926 1199 396;
0.612 3336 120;
0.86 3119 652;
0.704 780 1644;
0.68 2056 1248;
0.634 2746 116;
0.91 3200 718;
0.728 2208 1478;
0.634 2881 129;
0.813 714 1165;
0.828 2649 261;
0.64 2107 429;
0.931 3324 133;
0.709 1161 995;
0.959 476 1121;
0.608 2491 994;
0.783 543 62;
0.833 539 2833;
0.699 2676 1263;
0.602 1941 1551;
0.691 1714 2063;
0.975 2005 131;
0.71 698 3103;
0.734 3458 220;
0.667 200 1532;
0.836 3563 325;
0.623 3537 181;
0.866 1195 136;
0.727 2510 1253;
0.869 1249 1116;
0.791 2705 596;
0.728 3792 138;
0.946 3614 114;
0.658 1223 81;
0.613 1455 1025;
0.943 781 608;
0.989 3366 328;
0.869 2845 98;
0.625 2275 487;
0.864 3409 240;
0.884 2490 1307;
0.828 717 667;
0.688 2910 708;
0.875 1189 1762;
0.631 2381 311;
0.922 538 3407;
0.958 1439 1958;
0.717 1320 1257;
0.612 1090 2296;
0.827 1067 130;
0.626 1588 1998;
0.656 612 2395;
0.734 2713 929;
0.665 854 2166;
0.944 1047 1992;
0.825 3383 270;
0.955 831 880;
0.869 1187 2572;
0.741 3288 306;
0.815 2383 1403;
0.956 3174 411;
0.928 521 439;
0.938 1815 798;
0.952 3705 175;
0.762 236 833;
0.633 2939 253;
0.778 810 2650;
0.892 2236 432;
0.795 1823 869;
0.929 2796 342;
0.983 2973 36;
0.896 2114 975;
0.83 2574 773;
0.696 3481 519;
0.741 3109 737;
0.767 3375 135;
0.822 1415 241;
0.978 1039 71;
0.712 2628 1156;
0.728 3461 67;
0.898 2420 1483;
0.876 2564 1317;
0.679 3623 173;
0.986 3684 237;
0.66 2098 959;
0.847 935 497;
0.686 1453 2533;
0.871 2659 548;
0.648 1025 264;
0.626 3368 93;
0.804 1433 2427;
0.889 1677 1369;
0.863 1344 829;
0.896 2236 1552;
0.854 2071 1060;
0.606 3049 43;
0.916 963 1412;
1.0 1131 1038;
0.823 2439 918;
0.926 2517 1069;
0.77 638 2920;
0.923 3730 195;
0.848 1693 1517;
0.868 343 2608;
0.665 3124 856;
0.612 2260 429;
0.934 1919 2058;
0.655 2327 1082;
0.867 2033 169;
0.912 1623 538;
0.955 2482 304;
0.709 1357 914;
0.932 2249 1020;
0.959 1616 1250;
0.861 3262 178;
0.948 1800 330;
0.829 586 1944;
0.925 594 3280;
0.79 284 265;
0.821 2487 326;
0.729 842 1292;
0.64 3273 560;
0.601 2640 977;
0.671 1642 200;
0.965 3276 65;
0.939 1064 2074;
0.639 3570 381;
0.642 829 710;
0.904 1169 1116;
0.697 1443 173;
0.898 3516 248;
0.62 1101 108;
0.723 3370 81;
0.966 1696 77;
0.624 3501 154;
0.756 3164 713;
0.878 1683 1588;
0.607 1753 2192;
0.608 2993 634;
0.893 3788 68;
0.989 1249 1736;
0.652 1760 615;
0.729 421 1224;
0.976 3056 757;
0.715 1148 1740;
0.651 1100 2494;
0.852 2475 29;
0.649 730 1596;
0.932 2665 295;
0.861 568 1404;
0.685 1869 1533;
0.984 1229 1818;
0.857 343 185;
0.977 3601 10;
0.802 2990 110;
0.792 2947 792;
0.799 1073 1512;
0.805 2041 1821;
0.676 2143 251;
0.864 2746 796;
0.706 1600 236;
0.748 3515 261;
0.998 481 3050;
0.992 1879 452;
0.652 2744 1142;
0.767 602 670;
0.716 1259 1004;
0.718 324 2685;
0.735 2270 939;
0.608 1460 1142;
0.655 2639 43;
0.993 3658 304;
0.636 938 1192;
0.65 1846 1360;
0.649 1187 2061;
0.833 857 1519;
0.606 679 1515;
0.916 1737 723;
0.724 1629 1353;
0.706 1327 1206;
0.966 377 1508;
0.918 3118 410;
0.619 3471 88;
0.814 675 329;
0.782 1550 736;
0.821 3132 174;
0.927 305 1574;
0.697 554 2916;
0.81 2914 989;
0.922 3355 402;
0.817 2484 1156;
0.672 3108 199;
0.674 2351 1399;
0.67 703 938;
0.926 3408 110;
0.628 1084 1818;
0.976 1535 207;
0.643 908 1814;
0.772 2549 147;
0.662 315 2932;
0.937 2858 474;
0.665 609 419;
0.994 2270 274;
0.702 1823 1950;
0.63 419 1292;
0.934 2145 1553;
0.763 1280 2058;
0.978 2720 847;
0.838 3329 567;
0.846 736 2557;
0.681 3689 49;
0.715 2640 347;
0.698 3055 355;
0.778 3028 525;
0.746 625 1329;
0.734 1510 1516;
0.906 1856 1413;
0.827 2848 736;
0.944 2574 1123;
0.698 201 2843;
0.975 2347 1492;
0.697 1382 2523;
0.735 668 926;
0.802 3168 322;
0.882 1135 2320;
0.788 1877 1117;
0.962 2316 991;
0.667 2680 501;
0.854 2624 1124;
0.976 2003 807;
0.94 2805 1045;
0.693 3301 477;
0.978 1512 548;
0.606 1703 572;
0.707 1860 253;
0.966 929 1375;
0.79 1438 1435;
0.74 615 1571;
0.795 2761 1111;
0.678 3272 238;
0.824 1715 35;
0.824 1600 1629;
0.703 2487 690;
0.743 1053 1444;
0.75 1973 1041;
0.954 2396 1099;
0.958 2795 311;
0.683 2442 562;
0.692 3800 125;
0.913 1512 1026;
0.77 2251 1285;
0.602 3613 343;
0.85 2458 556;
0.979 1807 66;
0.84 1531 513;
0.917 1893 1801;
0.692 2211 1261;
0.725 466 1856;
0.96 414 2778;
0.625 2783 719;
0.761 2169 1166;
0.815 3333 633;
0.852 1806 700;
0.892 1390 1785;
0.956 367 1818;
0.984 1797 406;
0.725 1654 2071;
0.743 355 547;
0.914 1923 1828;
0.851 2672 39;
0.902 3236 470;
0.707 1450 832;
0.94 1488 930;
0.647 1737 276;
0.83 2899 795;
0.967 2344 962;
0.663 2823 44;
0.665 431 3071;
0.812 3244 86;
0.913 3553 43;
0.622 3771 36;
0.705 3162 468;
0.917 2000 1336;
0.911 3034 667;
0.842 2224 1220;
0.847 3330 130;
0.798 2831 1146;
0.728 3515 291;
0.738 1609 1555;
0.822 1576 1206;
0.833 3159 565;
0.841 923 237;
0.658 2807 648;
0.885 3526 307;
0.746 1720 803;
0.857 2935 262;
0.804 3341 113;
0.944 3236 408;
0.89 1279 830;
0.806 3505 226;
0.722 2727 515;
0.97 2459 1362;
0.909 1638 364;
0.613 1281 2626;
0.808 2862 154;
0.668 1876 2035;
0.873 2697 878;
0.799 644 2637;
0.69 3550 317;
0.82 2397 1547;
0.975 3720 110;
0.631 2484 460;
0.883 3445 157;
0.867 2397 1560;
0.654 454 193;
0.93 2256 168;
0.734 2130 1693;
0.911 3320 514;
0.933 3506 26;
0.896 1711 1123;
0.65 1666 150;
0.804 2082 597;
0.806 3607 352;
0.611 2072 382;
0.635 2778 392;
0.826 2457 51;
0.662 1179 1812;
0.669 3255 288;
0.808 1707 1694;
0.732 3520 385;
0.784 3370 475;
0.782 1507 981;
0.625 2327 1036;
0.88 2553 873;
0.757 2508 229;
0.709 1921 1203;
0.869 3058 825;
0.927 1848 1828;
0.781 2176 1201;
0.813 342 2796;
0.866 3600 188;
0.966 1071 480;
0.918 818 2337;
0.95 3668 103;
0.787 2854 1017;
0.753 2473 921;
0.654 2812 534;
0.822 2914 907;
0.608 2428 558;
0.915 3740 136;
0.906 201 2186;
0.657 3070 441;
0.865 2600 930;
0.955 2911 160;
0.966 2404 691;
0.629 2762 1090;
0.664 278 2117;
0.722 3654 32;
0.851 3711 99;
0.835 1835 1164;
0.742 376 2798;
0.817 1391 398;
0.758 2801 736;
0.71 1352 1438;
0.633 3723 198;
0.649 1084 2287;
0.717 2346 1070;
0.713 1339 879;
0.862 1582 2177;
0.635 1137 2057;
0.897 3545 88;
0.715 2503 315;
0.757 2967 959;
0.924 3184 217;
0.826 2689 1056;
0.82 1585 1736;
0.781 2763 590;
0.818 1385 567;
0.785 960 1980;
0.601 3369 535;
0.704 3454 335;
0.799 2033 26;
0.918 570 992;
0.95 1572 501;
0.874 1045 1583;
0.856 1895 1317;
0.657 1589 1041;
0.731 2005 168;
0.885 2420 163;
0.761 2813 887;
0.979 2482 949;
0.742 2909 441;
0.833 722 3147;
0.984 1771 1128;
0.775 1442 974;
0.74 1124 2588;
0.947 3587 28;
0.621 2289 1064;
0.665 2784 1036;
0.605 797 1860;
0.821 3255 478;
0.788 1644 1594;
0.787 1812 1281;
0.843 3005 57;
0.741 2802 22;
0.872 499 2688;
0.67 436 3389;
0.874 329 1702;
0.624 1257 302;
0.612 3281 479;
0.647 1052 2633;
0.636 3285 637;
0.942 3543 134;
0.744 3274 284;
0.702 3629 178;
0.625 952 1301;
0.642 1971 481;
0.918 1072 2435;
0.772 1166 1637;
0.964 3614 13;
0.652 2812 908;
0.73 2220 1214;
0.858 236 1425;
0.767 1704 1334;
0.7 3248 74;
0.9 3001 136;
0.615 2573 1163;
0.979 2509 479;
0.962 3475 60;
0.741 2162 583;
0.878 1834 1538;
0.989 1229 2481;
0.607 1055 886;
0.625 3358 186;
0.874 1170 1297;
0.69 2819 763;
0.738 1185 585;
0.856 3427 351;
0.633 2209 256;
0.751 2816 1000;
0.969 495 3364;
0.726 1205 1408;
0.893 3015 233;
0.891 1290 2558;
0.696 1527 1679;
0.635 3690 230;
0.686 1415 529;
0.944 2489 21;
0.61 399 1452;
0.953 3060 653;
0.734 2606 36;
0.999 3357 585;
0.889 2135 1604;
0.881 490 3169;
0.974 1197 1524;
0.637 2078 1173;
0.924 2210 914;
0.669 3421 264;
0.901 2876 193;
0.852 893 1781;
0.949 3473 4;
0.823 3396 374;
0.913 3778 106;
0.647 742 2993;
0.697 3643 233;
0.974 3743 53;
0.98 1240 2657;
0.745 2874 545;
0.856 3190 14;
0.845 539 2879;
1.0 737 935;
0.699 3752 78;
0.782 2547 892;
0.999 712 942;
0.925 2407 519;
0.688 1798 1654;
0.892 966 2390;
0.69 1193 1950;
0.677 1861 752;
0.617 1445 1087;
0.976 3569 404;
0.787 2208 1573;
0.996 2367 74;
0.812 891 272;
0.983 1706 1533;
0.607 2417 1323;
0.799 2482 816;
0.808 3674 264;
0.725 1542 2050;
0.737 1785 323;
0.998 2706 945;
0.644 1269 31;
0.97 1020 1904;
0.76 2105 630;
0.977 1666 1090;
0.895 1034 2125;
0.621 1985 1081;
0.622 615 2930;
0.724 1629 1797;
0.94 3287 189;
0.617 3294 88;
0.671 3655 233;
0.878 477 2680;
0.889 2906 418;
0.62 1334 808;
0.657 1424 819;
0.92 3493 326;
0.637 2249 863;
0.983 1763 999;
0.985 1739 967;
0.834 1850 1520;
0.655 3796 62;
0.937 2499 1044;
0.857 1712 672;
0.766 2918 462;
0.776 2743 569;
0.94 2599 431;
0.915 2230 1184;
0.672 3123 33;
0.708 2335 274;
0.831 469 2066;
0.925 1833 519;
0.88 3112 181;
0.884 3360 546;
0.771 3773 189;
0.977 2503 294;
0.75 787 1675;
0.633 2606 614;
0.663 1279 1187;
0.805 2179 1205;
0.711 569 2134;
0.68 2413 923;
0.646 1501 2263;
0.97 2479 1230;
0.85 272 2976;
0.722 3210 267;
0.952 220 417;
0.827 759 2196;
0.628 2823 907;
0.819 296 3202;
0.908 779 3164;
0.922 1161 1078;
0.704 1943 1259;
0.868 2082 1584;
0.682 2650 422;
0.956 508 688;
0.851 2752 505;
0.641 544 6;
0.913 1500 102;
0.638 2759 16;
0.632 1010 831;
0.605 1483 342;
0.953 345 1307;
0.784 1687 1058;
0.732 3483 276;
0.827 2247 1449;
0.652 1226 813;
0.963 1312 964;
0.663 1071 155;
0.889 391 3599;
0.866 3395 44;
0.703 1806 2136;
0.714 2375 860;
0.911 1239 1106;
0.982 2087 722;
0.613 760 1892;
0.701 1612 1154;
0.732 2922 1025;
0.815 538 997;
0.608 863 302;
0.922 2649 600;
0.904 2391 1146;
0.843 3306 50;
0.971 1576 1748;
0.608 2267 720;
0.73 2007 895;
0.724 2549 1450;
0.811 1847 1451;
0.804 977 2239;
0.827 2742 943;
0.982 3638 349;
0.827 1139 151;
0.787 2190 715;
0.826 2151 1630;
0.884 1088 2098;
0.786 2840 1042;
0.73 1647 879;
0.995 2242 233;
0.825 2662 1000;
0.892 3695 193;
0.995 1429 1266;
0.931 2662 776;
0.75 726 1843;
0.673 751 1992;
0.637 3767 46;
0.665 1509 406;
0.942 1442 1237;
0.878 1821 1431;
0.742 2926 264;
0.8 261 1787;
0.95 1216 1150;
0.766 1092 2754;
0.853 1625 1462;
0.643 2058 1777;
0.825 3135 670;
0.949 2672 461;
0.886 1027 1367;
0.87 3371 394;
0.631 1229 2213;
0.618 2266 291;
0.996 2652 434;
0.876 2274 1061;
0.925 353 2353;
0.609 1376 1179;
0.794 624 2112;
0.747 829 359;
0.886 1444 1756;
0.638 1423 2549;
0.614 2248 940;
0.944 810 827;
0.6 3118 555;
0.884 372 1073;
0.786 1539 1988;
0.761 627 2498;
0.758 208 2802;
0.985 1373 85;
0.766 2118 1817;
0.814 2623 808;
0.863 2065 720;
0.843 870 2876;
0.723 674 2551;
0.971 3798 138;
0.647 3380 28;
0.649 2211 768;
0.79 3095 372;
0.902 3328 544;
0.929 2469 103;
0.951 2308 1569;
0.631 2823 990;
0.676 3033 621;
0.661 862 780;
0.834 3136 711;
0.997 2969 730;
0.603 2861 607;
0.698 846 2647;
0.652 3763 141;
0.692 510 3109;
0.917 3410 214;
0.673 2715 330;
0.987 1367 709;
0.961 294 2419;
0.885 1931 980;
0.96 295 1205;
0.878 2961 425;
0.687 1997 36;
0.669 3500 327;
0.981 1345 2478;
0.948 3418 135;
0.992 2108 1887;
0.6 855 640;
0.841 1786 1452;
0.957 471 411;
0.978 3637 148;
0.929 2275 1606;
0.854 1062 2571;
0.835 1900 323;
0.652 1790 1579;
0.937 1256 1644;
0.876 829 2344;
0.608 2278 604;
0.613 538 2361;
0.651 682 2788;
0.803 1582 2129;
0.937 2946 294;
0.683 2855 929;
0.602 2444 1496;
0.705 2846 604;
0.81 1414 1572;
0.675 1425 1687;
0.862 1604 2380;
0.683 1381 1349;
0.636 3443 474;
0.946 3153 801;
0.73 874 409;
0.809 2690 1;
0.821 2211 1041;
0.84 797 2700;
0.803 1885 1196;
0.849 3644 113;
0.832 3429 18;
0.672 3480 284;
0.735 1683 1810;
0.79 2400 390;
0.706 3499 308;
0.605 3426 155;
0.971 611 1223;
0.711 321 3514;
0.76 2252 95;
0.689 2837 673;
0.663 2872 82;
0.98 2778 187;
0.899 3417 418;
0.613 3769 15;
0.996 2430 790;
0.722 1507 352;
0.978 2964 618;
0.629 512 1646;
0.634 1286 2444;
0.985 737 198;
0.757 2761 473;
0.963 2049 151;
0.917 307 1847;
0.985 3044 905;
0.754 729 1251;
0.816 2287 1618;
0.878 640 734;
0.817 3085 267;
0.971 232 877;
0.789 3310 274;
0.783 426 972;
0.984 2179 1390;
0.946 1527 1022;
0.799 2997 895;
0.631 2239 201;
0.872 1871 57;
0.983 1482 258;
0.967 1345 2225;
0.876 3426 400;
0.677 3772 153;
0.705 2888 138;
0.935 937 2550;
0.788 477 3478;
0.894 2171 43;
0.613 636 16;
0.836 2009 470;
0.949 3049 921;
0.653 972 2901;
0.877 691 2657;
0.907 3461 214;
0.881 3043 731;
0.679 619 2722;
0.716 2706 1184;
0.699 2210 1045;
0.885 3104 751;
0.691 219 1355;
0.782 3262 89;
0.761 415 224;
0.681 498 2169;
0.865 1846 1584;
0.971 228 396;
0.649 3455 272;
0.892 2711 461;
0.79 1467 1228;
0.755 2373 309;
0.832 2253 942;
0.979 548 3075;
0.932 1997 820;
0.947 2441 69;
0.626 602 2532;
0.775 2468 1364;
0.947 1638 1776;
0.94 1839 1715;
0.776 2256 1703;
0.87 710 3011;
0.635 2617 1325;
0.828 2989 894;
0.825 2206 1315;
0.764 2873 944;
0.696 3468 467;
0.723 802 927;
0.713 2514 508;
0.695 2862 245;
0.785 2855 1043;
0.864 1167 1185;
0.616 3668 312;
0.661 2797 640;
0.703 557 1793;
0.632 1139 2081;
0.639 2913 157;
0.914 1223 1556;
0.942 1211 1670;
0.844 1102 2395;
0.94 3287 319;
0.722 490 2424;
0.633 847 2637;
0.646 3742 175;
0.805 3527 40;
0.664 3321 367;
0.909 2092 521;
0.609 407 1708;
0.876 2519 1427;
0.906 1198 1081;
0.893 2693 653;
0.694 1973 924;
0.912 797 2168;
0.689 1748 1431;
0.751 1997 1723;
0.722 1546 351;
0.862 1919 739;
0.819 2312 1670;
0.734 1996 1315;
0.822 509 1206;
0.957 3582 225;
0.817 1258 15;
0.623 2911 149;
0.951 3253 370;
0.863 2292 1293;
0.859 1284 585;
0.938 1816 253;
0.795 749 607;
0.775 2680 1218;
0.65 2269 593;
0.933 3429 422;
0.828 3534 402;
0.765 3721 54;
0.915 1001 1821;
0.889 2401 232;
0.891 2703 255;
0.756 2826 431;
0.641 869 709;
0.769 2976 347;
0.745 1613 1082;
0.811 2063 1643;
0.985 1589 683;
0.706 2775 340;
0.792 3644 131;
0.945 1219 1809;
0.626 2050 129;
0.667 1176 1065;
0.752 575 1667;
0.869 1247 571;
0.64 2592 384;
0.642 1297 899;
0.699 3095 230;
0.786 3013 362;
0.753 950 250;
0.954 1646 758;
0.774 1272 689;
0.906 3308 455;
0.922 3747 23;
0.939 1662 2323;
0.948 879 1511;
0.716 221 1723;
0.681 513 790;
0.932 2007 1476;
0.739 1776 1375;
0.675 2128 920;
0.825 2968 808;
0.754 1424 706;
0.905 759 1626;
0.753 1288 1380;
0.883 1269 2485;
0.929 3605 106;
0.863 3490 42;
0.921 546 2145;
0.842 1762 1218;
0.893 3037 568;
0.721 1552 1779;
0.602 2062 1127;
0.614 2363 1603;
0.67 3790 84;
0.663 3450 200;
0.91 3719 232;
0.781 490 13;
0.749 3709 183;
0.907 924 479;
0.894 3532 448;
0.815 406 223;
0.713 3245 229;
0.886 2348 728;
0.882 1330 2196;
0.755 2174 160;
0.846 885 848;
0.69 1532 905;
0.87 1586 382;
0.985 213 2085;
0.765 2185 572;
0.896 3511 425;
0.932 610 393;
0.768 1914 918;
0.649 373 82;
0.76 2745 845;
0.697 2269 767;
0.87 3778 189;
0.627 3010 140;
0.766 2509 675;
0.685 3640 258;
0.641 2560 356;
0.911 1294 1679;
0.861 1354 1092;
0.816 2835 1095;
0.785 1190 624;
0.924 2700 674;
0.617 3519 110;
0.781 2087 183;
0.769 3376 287;
0.773 3309 685;
0.622 243 65;
0.775 1298 1603;
0.851 2784 1003;
0.868 2626 281;
0.665 340 2401;