1 28 0 0.51 111 28 0.35 318 139 0.21 230 457 0 217 687;
0.9 21 0 0.38 157 21 0.27 53 178 0.17 248 231 0.07 223 479 0.02 111 702 0 210 813;
0.99 24 0 0.31 167 24 0.15 338 191 0.06 158 529 0.03 208 687 0.02 123 895 0 218 1018;
0.91 14 0 0.43 256 14 0.24 142 270 0.1 248 412 0.04 398 660 0.03 297 1058 0 118 1355;
0.76 32 0 0.41 226 32 0.14 377 258 0.08 209 635 0.04 322 844 0 115 1166;
0.94 26 0 0.43 260 26 0.2 244 286 0.11 213 530 0.04 258 743 0.02 187 1001 0 215 1188;
0.76 33 0 0.25 253 33 0.08 357 286 0 215 643;
0.94 32 0 0.41 167 32 0.18 215 199 0.1 264 414 0.07 134 678 0.02 215 812 0 294 1027;
0.88 7 0 0.38 323 7 0.12 196 330 0 135 526;
0.71 15 0 0.37 397 15 0.17 331 412 0.1 173 743 0 170 916;
0.76 25 0 0.38 88 25 0.23 244 113 0.11 142 357 0 150 499;
0.78 30 0 0.39 140 30 0.2 97 170 0.09 172 267 0 182 439;
0.97 23 0 0.39 72 23 0.16 189 95 0.06 182 284 0 286 466;
0.84 33 0 0.34 261 33 0.14 400 294 0.05 394 694 0 83 1088;
0.73 27 0 0.33 382 27 0.16 394 409 0.05 377 803 0 205 1180;
0.71 30 0 0.29 343 30 0.1 68 373 0.07 186 441 0.03 317 627 0 288 944;
0.76 6 0 0.3 399 6 0.13 140 405 0.06 175 545 0.02 155 720 0.01 133 875 0 216 1008;
0.87 30 0 0.52 161 30 0.28 111 191 0.09 102 302 0 270 404;
0.8 33 0 0.45 209 33 0.23 56 242 0 279 298;
0.94 34 0 0.58 240 34 0.19 362 274 0.13 105 636 0 232 741;
0.88 6 0 0.37 356 6 0.23 77 362 0.14 385 439 0 233 824;
0.9 27 0 0.54 247 27 0.3 369 274 0.17 256 643 0.07 58 899 0 280 957;
0.9 18 0 0.51 225 18 0.29 257 243 0 85 500;
0.94 16 0 0.4 218 16 0.22 161 234 0.09 221 395 0 213 616;
0.85 24 0 0.52 313 24 0.25 372 337 0.12 309 709 0.06 203 1018 0.04 225 1221 0 255 1446;
0.98 17 0 0.34 374 17 0.22 51 391 0.1 101 442 0.07 203 543 0.03 53 746 0 183 799;
0.75 31 0 0.4 157 31 0.23 74 188 0.07 87 262 0.04 123 349 0 201 472;
0.72 19 0 0.24 122 19 0.08 304 141 0 247 445;
0.98 17 0 0.64 159 17 0.35 302 176 0 285 478;
0.77 18 0 0.38 90 18 0.13 83 108 0.06 342 191 0.03 279 533 0 193 812;
0.98 26 0 0.58 187 26 0.27 183 213 0.11 153 396 0 90 549;
0.87 40 0 0.38 374 40 0.25 284 414 0.16 111 698 0.09 349 809 0 180 1158;
0.89 28 0 0.34 371 28 0.12 365 399 0.08 161 764 0.05 372 925 0.02 201 1297 0 285 1498;
0.95 39 0 0.32 170 39 0.17 159 209 0.1 309 368 0.06 78 677 0.02 179 755 0 257 934;
0.99 30 0 0.46 289 30 0.16 200 319 0.07 232 519 0.04 349 751 0 278 1100;
0.9 40 0 0.31 398 40 0.1 134 438 0 178 572;
0.84 5 0 0.54 91 5 0.37 299 96 0.13 383 395 0 119 778;
0.83 29 0 0.27 390 29 0.1 384 419 0.03 109 803 0.02 117 912 0 253 1029;
0.75 36 0 0.45 192 36 0.17 354 228 0.12 55 582 0 122 637;
0.99 10 0 0.58 85 10 0.24 260 95 0.13 77 355 0 173 432;
0.78 32 0 0.35 257 32 0.23 211 289 0.12 145 500 0 95 645;
0.71 7 0 0.43 188 7 0.15 298 195 0.05 375 493 0.03 321 868 0.01 397 1189 0 290 1586;
0.72 17 0 0.41 224 17 0.24 180 241 0 182 421;
0.95 12 0 0.48 286 12 0.17 136 298 0.11 158 434 0 100 592;
1 32 0 0.38 212 32 0.26 282 244 0 221 526;
1 39 0 0.44 57 39 0.21 250 96 0.08 330 346 0.04 367 676 0.03 135 1043 0 195 1178;
0.85 6 0 0.4 255 6 0.23 267 261 0.14 64 528 0.08 176 592 0 169 768;
0.86 9 0 0.46 154 9 0.23 266 163 0.15 235 429 0.07 320 664 0 269 984;
0.84 23 0 0.56 201 23 0.21 395 224 0.09 68 619 0.05 154 687 0.03 289 841 0 176 1130;
0.81 27 0 0.45 299 27 0.14 335 326 0.09 246 661 0.03 388 907 0 85 1295;
0.85 12 0 0.53 71 12 0.28 211 83 0.13 152 294 0.07 65 446 0 196 511;
0.88 24 0 0.39 345 24 0.21 54 369 0.07 290 423 0 85 713;
0.79 35 0 0.34 97 35 0.19 128 132 0.13 263 260 0.08 118 523 0.04 200 641 0 119 841;
0.76 31 0 0.48 106 31 0.16 396 137 0.09 54 533 0 196 587;
0.99 38 0 0.35 339 38 0.14 171 377 0.08 352 548 0.04 266 900 0.02 116 1166 0 283 1282;
0.71 36 0 0.45 62 36 0.18 130 98 0 279 228;
0.87 9 0 0.48 116 9 0.18 157 125 0.1 212 282 0 159 494;
0.86 12 0 0.28 399 12 0.08 51 411 0 191 462;
0.94 38 0 0.58 191 38 0.25 55 229 0.16 313 284 0.07 356 597 0 244 953;
0.76 31 0 0.48 233 31 0.19 117 264 0.13 84 381 0.09 190 465 0 281 655;
0.95 27 0 0.64 368 27 0.31 357 395 0 257 752;
0.87 29 0 0.4 314 29 0.17 307 343 0.09 118 650 0.04 82 768 0.01 121 850 0 151 971;
0.84 18 0 0.38 173 18 0.15 335 191 0 124 526;
0.96 31 0 0.35 161 31 0.15 69 192 0 199 261;
0.81 11 0 0.52 338 11 0.24 178 349 0.12 96 527 0.04 98 623 0.02 288 721 0 83 1009;
0.97 28 0 0.39 88 28 0.27 157 116 0.18 302 273 0.11 220 575 0 117 795;
1 33 0 0.57 324 33 0.29 200 357 0.19 186 557 0 141 743;
0.96 38 0 0.36 172 38 0.13 190 210 0.06 179 400 0 203 579;
0.93 32 0 0.46 312 32 0.27 367 344 0 224 711;
0.7 22 0 0.35 84 22 0.17 53 106 0 271 159;
0.93 33 0 0.62 81 33 0.38 195 114 0 225 309;
0.98 21 0 0.41 305 21 0.28 69 326 0.11 319 395 0 109 714;
0.86 19 0 0.5 285 19 0.3 102 304 0 175 406;
0.86 37 0 0.33 235 37 0.15 106 272 0.1 180 378 0.05 325 558 0 162 883;
0.81 22 0 0.31 261 22 0.1 97 283 0 185 380;
0.92 27 0 0.29 197 27 0.19 127 224 0.12 208 351 0.06 54 559 0.03 324 613 0 118 937;
0.98 20 0 0.37 300 20 0.13 392 320 0.07 178 712 0.02 343 890 0.01 372 1233 0 238 1605;
0.73 8 0 0.39 302 8 0.22 93 310 0 237 403;
0.85 13 0 0.42 98 13 0.17 326 111 0 140 437;
0.95 30 0 0.44 373 30 0.16 330 403 0 287 733;
0.79 22 0 0.33 126 22 0.19 166 148 0.06 230 314 0.03 238 544 0 170 782;
0.95 39 0 0.44 75 39 0.16 116 114 0.08 78 230 0 147 308;
0.9 36 0 0.28 138 36 0.11 253 174 0 102 427;
0.85 10 0 0.37 358 10 0.16 163 368 0.09 176 531 0.05 121 707 0 83 828;
0.83 5 0 0.35 311 5 0.14 291 316 0 257 607;
0.88 37 0 0.4 167 37 0.15 237 204 0.08 366 441 0.02 57 807 0 116 864;
0.83 20 0 0.55 309 20 0.36 118 329 0.2 391 447 0.06 185 838 0.03 377 1023 0 222 1400;
0.93 19 0 0.44 91 19 0.24 61 110 0.08 87 171 0.03 204 258 0.02 345 462 0 286 807;
0.92 27 0 0.37 329 27 0.19 359 356 0.07 396 715 0.03 326 1111 0 273 1437;
0.8 21 0 0.46 245 21 0.16 159 266 0 255 425;
0.89 26 0 0.29 72 26 0.2 197 98 0.12 357 295 0.05 378 652 0.02 384 1030 0 115 1414;
0.76 34 0 0.33 347 34 0.11 228 381 0.05 159 609 0.01 229 768 0.01 101 997 0 169 1098;
0.87 40 0 0.45 245 40 0.21 182 285 0.13 260 467 0.04 362 727 0 206 1089;
0.78 30 0 0.36 138 30 0.13 204 168 0.07 77 372 0.04 247 449 0 126 696;
0.93 37 0 0.42 80 37 0.13 280 117 0.07 177 397 0 280 574;
0.98 8 0 0.6 70 8 0.37 163 78 0.16 171 241 0.05 234 412 0.03 74 646 0 126 720;
0.73 10 0 0.48 107 10 0.25 121 117 0 274 238;
0.96 12 0 0.62 340 12 0.3 263 352 0 300 615;
0.75 28 0 0.28 163 28 0.12 89 191 0.07 213 280 0.04 396 493 0 209 889;
0.72 19 0 0.49 357 19 0.21 235 376 0.1 144 611 0 130 755;
0.95 31 0 0.64 312 31 0.38 58 343 0.25 297 401 0.09 383 698 0 272 1081;
0.96 15 0 0.51 117 15 0.24 341 132 0 87 473;
0.89 13 0 0.6 121 13 0.29 260 134 0.11 233 394 0 258 627;
0.87 29 0 0.47 80 29 0.18 334 109 0.12 280 443 0.06 60 723 0.03 81 783 0 131 864;
0.84 11 0 0.36 399 11 0.2 208 410 0.08 65 618 0.03 273 683 0 231 956;
0.77 32 0 0.33 207 32 0.1 286 239 0 291 525;
0.7 21 0 0.45 122 21 0.21 50 143 0.1 96 193 0.03 307 289 0.02 180 596 0 116 776;
0.84 22 0 0.49 292 22 0.31 67 314 0.13 58 381 0.08 79 439 0.04 128 518 0 252 646;
0.82 24 0 0.51 198 24 0.28 343 222 0.16 213 565 0.09 366 778 0.05 92 1144 0 244 1236;
0.75 29 0 0.25 290 29 0.09 397 319 0.04 209 716 0 164 925;
0.91 13 0 0.45 220 13 0.25 214 233 0 240 447;
0.78 10 0 0.34 192 10 0.19 75 202 0 107 277;
0.89 11 0 0.52 184 11 0.22 83 195 0 117 278;
0.84 34 0 0.31 225 34 0.19 284 259 0.11 305 543 0.05 238 848 0.03 397 1086 0 239 1483;
0.91 14 0 0.35 161 14 0.22 139 175 0 183 314;
0.82 10 0 0.33 332 10 0.15 148 342 0.06 86 490 0.03 341 576 0.01 384 917 0 279 1301;
0.73 12 0 0.5 238 12 0.25 334 250 0.1 126 584 0.05 378 710 0 213 1088;
0.98 14 0 0.66 316 14 0.22 210 330 0.09 307 540 0.06 361 847 0 111 1208;
0.79 8 0 0.47 77 8 0.24 95 85 0.15 131 180 0 234 311;
0.97 26 0 0.32 195 26 0.13 109 221 0.08 157 330 0.05 256 487 0.02 231 743 0 210 974;
0.72 16 0 0.33 280 16 0.1 126 296 0.03 256 422 0.02 84 678 0.01 121 762 0 232 883;
0.97 7 0 0.44 162 7 0.23 59 169 0.14 163 228 0.1 311 391 0.05 245 702 0 203 947;
0.76 36 0 0.5 171 36 0.33 386 207 0.19 69 593 0.09 57 662 0.04 211 719 0 199 930;
0.99 16 0 0.69 134 16 0.47 96 150 0.32 257 246 0.17 186 503 0.07 266 689 0 155 955;
0.72 18 0 0.44 281 18 0.15 359 299 0.1 142 658 0.07 212 800 0.02 364 1012 0 162 1376;
0.97 6 0 0.55 334 6 0.38 267 340 0.2 84 607 0.1 99 691 0.04 231 790 0 102 1021;
0.8 28 0 0.33 54 28 0.14 191 82 0 216 273;
0.84 24 0 0.39 270 24 0.23 396 294 0.1 179 690 0 222 869;
0.91 15 0 0.58 161 15 0.24 382 176 0.14 198 558 0.06 161 756 0 134 917;
0.9 37 0 0.45 99 37 0.21 220 136 0.12 133 356 0.05 199 489 0.03 140 688 0 128 828;
0.8 29 0 0.25 378 29 0.08 141 407 0 230 548;
0.94 7 0 0.54 68 7 0.26 195 75 0 147 270;
0.97 11 0 0.66 379 11 0.26 165 390 0.15 238 555 0.1 301 793 0 257 1094;
0.88 15 0 0.38 260 15 0.22 325 275 0.07 162 600 0.02 140 762 0 139 902;
0.89 28 0 0.42 65 28 0.18 306 93 0.09 224 399 0.04 192 623 0.03 147 815 0 185 962;
1 9 0 0.56 372 9 0.25 281 381 0.09 354 662 0.03 366 1016 0 198 1382;
0.96 33 0 0.54 68 33 0.25 252 101 0.13 155 353 0.09 83 508 0.03 53 591 0 172 644;
0.85 10 0 0.45 81 10 0.15 343 91 0.06 239 434 0 118 673;
0.71 18 0 0.49 245 18 0.21 347 263 0.1 152 610 0 166 762;
0.88 30 0 0.31 280 30 0.1 348 310 0.04 221 658 0.01 267 879 0.01 69 1146 0 284 1215;
0.79 37 0 0.54 106 37 0.17 343 143 0 110 486;
0.98 34 0 0.36 359 34 0.14 68 393 0.1 190 461 0.03 312 651 0 194 963;
0.76 21 0 0.45 349 21 0.15 199 370 0.07 352 569 0 289 921;
0.88 8 0 0.36 115 8 0.21 220 123 0.1 77 343 0 231 420;
0.75 22 0 0.36 239 22 0.12 300 261 0 218 561;
1 8 0 0.46 292 8 0.2 57 300 0.07 128 357 0.02 306 485 0 251 791;
0.84 16 0 0.33 112 16 0.16 217 128 0.1 68 345 0 199 413;
0.91 15 0 0.58 115 15 0.37 195 130 0 104 325;
0.84 10 0 0.4 338 10 0.13 112 348 0 158 460;
0.91 40 0 0.5 266 40 0.26 70 306 0.16 56 376 0 158 432;
0.82 25 0 0.42 132 25 0.18 66 157 0.08 271 223 0.04 139 494 0 274 633;
0.93 34 0 0.31 203 34 0.16 197 237 0.08 125 434 0.04 326 559 0 169 885;
0.8 8 0 0.45 147 8 0.2 237 155 0.14 181 392 0 163 573;
0.81 25 0 0.27 149 25 0.18 193 174 0.1 303 367 0.05 60 670 0 126 730;
0.93 18 0 0.48 332 18 0.22 395 350 0 237 745;
0.96 24 0 0.61 192 24 0.36 398 216 0.17 161 614 0 91 775;
0.72 16 0 0.31 67 16 0.19 90 83 0.08 202 173 0.03 177 375 0.02 290 552 0 279 842;
1 15 0 0.37 96 15 0.19 361 111 0 297 472;
0.96 18 0 0.49 387 18 0.15 94 405 0 252 499;
0.75 9 0 0.37 258 9 0.24 201 267 0.09 226 468 0.06 147 694 0.02 347 841 0 267 1188;
0.87 32 0 0.4 224 32 0.14 239 256 0.08 349 495 0 188 844;
0.82 8 0 0.28 190 8 0.15 194 198 0.1 55 392 0.06 300 447 0 178 747;
0.97 19 0 0.4 235 19 0.14 267 254 0 159 521;
0.85 19 0 0.37 275 19 0.14 329 294 0 224 623;
0.79 14 0 0.31 219 14 0.1 369 233 0.07 154 602 0.02 318 756 0.01 261 1074 0 226 1335;
0.89 24 0 0.32 349 24 0.19 339 373 0.1 340 712 0 116 1052;
0.91 13 0 0.61 337 13 0.39 201 350 0.16 81 551 0.1 277 632 0 231 909;
0.9 28 0 0.52 286 28 0.18 309 314 0.1 136 623 0.06 157 759 0 268 916;
0.9 24 0 0.46 394 24 0.24 343 418 0.1 214 761 0.05 304 975 0.02 156 1279 0 186 1435;
0.77 28 0 0.39 181 28 0.2 117 209 0.11 386 326 0 96 712;
0.96 14 0 0.37 217 14 0.22 173 231 0.13 54 404 0 291 458;
0.91 34 0 0.45 254 34 0.24 99 288 0.12 156 387 0 251 543;
0.94 34 0 0.43 237 34 0.27 51 271 0.08 143 322 0.03 230 465 0.01 202 695 0 130 897;
0.71 24 0 0.26 347 24 0.09 332 371 0 202 703;
0.75 19 0 0.3 344 19 0.12 360 363 0.06 59 723 0 281 782;
0.8 26 0 0.3 172 26 0.12 89 198 0.08 230 287 0 144 517;
0.8 18 0 0.46 274 18 0.28 316 292 0.1 220 608 0 143 828;
0.94 26 0 0.43 354 26 0.24 106 380 0.16 295 486 0 122 781;
0.82 13 0 0.55 128 13 0.25 218 141 0 182 359;
0.9 29 0 0.3 380 29 0.1 122 409 0.07 75 531 0.04 138 606 0.02 148 744 0 262 892;
0.71 30 0 0.33 63 30 0.15 85 93 0.1 162 178 0 107 340;
0.95 7 0 0.35 140 7 0.19 270 147 0.09 211 417 0.03 263 628 0 239 891;
0.81 24 0 0.35 73 24 0.22 153 97 0 291 250;
0.73 23 0 0.51 287 23 0.32 54 310 0.21 210 364 0 163 574;
0.7 13 0 0.22 182 13 0.14 231 195 0.07 118 426 0 100 544;
0.86 31 0 0.55 273 31 0.33 58 304 0.15 311 362 0.05 271 673 0 158 944;
0.71 10 0 0.38 67 10 0.13 146 77 0.06 105 223 0.04 97 328 0 138 425;
0.97 19 0 0.38 142 19 0.16 183 161 0 225 344;
0.98 18 0 0.45 290 18 0.14 211 308 0.1 113 519 0 196 632;
0.92 32 0 0.3 269 32 0.2 67 301 0.11 73 368 0 295 441;
0.73 15 0 0.27 328 15 0.15 381 343 0.08 309 724 0.03 95 1033 0.02 77 1128 0 185 1205;
0.88 7 0 0.46 241 7 0.16 369 248 0.06 154 617 0 270 771;
0.93 15 0 0.41 253 15 0.24 315 268 0 187 583;
0.83 6 0 0.54 280 6 0.37 343 286 0.21 69 629 0.07 155 698 0.02 69 853 0 94 922;
0.96 38 0 0.31 296 38 0.17 200 334 0 279 534;
0.98 6 0 0.65 183 6 0.39 325 189 0.2 323 514 0.12 313 837 0 265 1150;
0.92 6 0 0.57 60 6 0.36 318 66 0.19 228 384 0.09 344 612 0 184 956;
0.82 5 0 0.51 204 5 0.3 128 209 0 250 337;
0.74 40 0 0.46 323 40 0.23 337 363 0.14 167 700 0.04 342 867 0 162 1209;
0.81 12 0 0.28 137 12 0.14 87 149 0.08 95 236 0.04 302 331 0 281 633;
0.91 37 0 0.43 183 37 0.27 215 220 0.16 388 435 0.09 378 823 0 96 1201;
0.83 9 0 0.47 110 9 0.31 243 119 0.2 332 362 0.06 322 694 0.03 344 1016 0 247 1360;
0.75 13 0 0.51 387 13 0.24 330 400 0.11 77 730 0.05 85 807 0 129 892;
0.79 6 0 0.32 144 6 0.15 325 150 0.1 123 475 0.06 112 598 0 174 710;
0.83 20 0 0.5 131 20 0.28 243 151 0.1 54 394 0 205 448;
0.99 22 0 0.56 109 22 0.29 93 131 0.12 263 224 0 139 487;
0.95 10 0 0.52 282 10 0.3 363 292 0.1 140 655 0 89 795;
0.92 16 0 0.47 292 16 0.14 298 308 0.05 84 606 0.02 384 690 0.01 352 1074 0 162 1426;
0.74 22 0 0.23 314 22 0.1 86 336 0 174 422;
0.71 20 0 0.32 189 20 0.15 203 209 0.09 219 412 0 211 631;
0.88 26 0 0.58 109 26 0.36 390 135 0 239 525;
0.98 21 0 0.6 189 21 0.31 138 210 0.14 356 348 0.08 344 704 0 172 1048;
0.8 24 0 0.24 348 24 0.08 192 372 0.04 84 564 0.02 106 648 0.01 114 754 0 117 868;
0.73 37 0 0.43 94 37 0.15 390 131 0.11 398 521 0.04 328 919 0.01 147 1247 0 149 1394;
0.94 40 0 0.53 177 40 0.29 225 217 0.12 369 442 0.05 232 811 0 125 1043;
0.96 26 0 0.32 137 26 0.14 213 163 0.07 338 376 0.04 167 714 0 242 881;
0.75 33 0 0.31 388 33 0.22 209 421 0.15 388 630 0.08 167 1018 0.04 338 1185 0 155 1523;
0.81 40 0 0.46 139 40 0.25 388 179 0.11 305 567 0.07 393 872 0 192 1265;
0.81 26 0 0.56 400 26 0.39 386 426 0 289 812;
0.86 26 0 0.37 352 26 0.17 214 378 0.09 221 592 0.04 185 813 0 102 998;
0.87 30 0 0.28 220 30 0.13 173 250 0.09 225 423 0.04 339 648 0 296 987;
0.98 12 0 0.65 352 12 0.39 155 364 0 142 519;
0.72 8 0 0.43 145 8 0.27 282 153 0.17 182 435 0.08 270 617 0.05 360 887 0 210 1247;
0.96 15 0 0.57 131 15 0.28 304 146 0.12 86 450 0 166 536;
0.72 10 0 0.38 184 10 0.24 270 194 0 218 464;
0.81 22 0 0.31 310 22 0.18 73 332 0.1 116 405 0.07 284 521 0.03 178 805 0 276 983;
0.74 15 0 0.31 68 15 0.16 252 83 0.06 91 335 0.04 309 426 0 265 735;
0.75 37 0 0.25 312 37 0.09 155 349 0 282 504;
0.98 33 0 0.59 179 33 0.28 274 212 0 81 486;
0.82 13 0 0.26 357 13 0.09 319 370 0.04 259 689 0.02 286 948 0 159 1234;
0.84 25 0 0.49 331 25 0.28 237 356 0.19 364 593 0 225 957;
0.78 33 0 0.49 270 33 0.31 140 303 0.2 197 443 0.13 326 640 0.09 197 966 0 207 1163;
0.91 21 0 0.53 212 21 0.33 127 233 0.12 87 360 0 243 447;
0.9 16 0 0.31 388 16 0.2 181 404 0 289 585;
0.74 11 0 0.49 176 11 0.21 260 187 0.15 133 447 0 83 580;
0.83 9 0 0.49 359 9 0.26 68 368 0.15 309 436 0 236 745;
0.79 31 0 0.27 100 31 0.14 355 131 0.05 287 486 0.03 106 773 0.01 356 879 0 93 1235;
0.91 10 0 0.62 267 10 0.41 397 277 0.27 121 674 0 188 795;
0.81 15 0 0.28 303 15 0.15 296 318 0.07 329 614 0 82 943;
0.9 35 0 0.29 288 35 0.19 360 323 0.13 98 683 0.09 170 781 0 186 951;
0.98 13 0 0.59 167 13 0.28 305 180 0.15 204 485 0.05 383 689 0.02 347 1072 0 183 1419;
0.96 5 0 0.37 66 5 0.25 147 71 0.12 237 218 0.08 302 455 0.05 286 757 0 181 1043;
0.7 34 0 0.45 391 34 0.15 234 425 0.07 191 659 0.03 381 850 0.02 109 1231 0 264 1340;
0.78 25 0 0.49 289 25 0.28 295 314 0.09 93 609 0.03 205 702 0.01 90 907 0 196 997;
0.82 18 0 0.52 258 18 0.33 136 276 0 210 412;
0.97 26 0 0.36 64 26 0.15 170 90 0 197 260;
0.76 26 0 0.42 111 26 0.21 333 137 0.08 121 470 0.03 62 591 0 101 653;
0.86 13 0 0.43 392 13 0.13 183 405 0.07 378 588 0.05 373 966 0 168 1339;
1 16 0 0.69 356 16 0.42 101 372 0 197 473;
0.93 39 0 0.39 369 39 0.21 217 408 0 131 625;
0.93 40 0 0.55 193 40 0.29 292 233 0.15 374 525 0 173 899;
0.89 27 0 0.58 293 27 0.39 219 320 0.22 352 539 0 175 891;
0.94 25 0 0.45 107 25 0.19 64 132 0.11 250 196 0 239 446;
0.76 22 0 0.46 276 22 0.31 254 298 0.13 132 552 0 171 684;
0.78 28 0 0.52 145 28 0.35 59 173 0 110 232;
0.92 30 0 0.47 315 30 0.26 94 345 0.11 397 439 0.07 325 836 0 217 1161;
0.86 25 0 0.47 270 25 0.29 362 295 0.09 262 657 0.05 143 919 0 283 1062;
0.8 22 0 0.31 349 22 0.15 198 371 0.07 144 569 0 292 713;
0.8 39 0 0.48 108 39 0.19 107 147 0.08 343 254 0 152 597;
0.92 7 0 0.55 317 7 0.18 245 324 0.07 173 569 0.04 248 742 0.02 213 990 0 201 1203;
1 23 0 0.46 308 23 0.2 279 331 0 235 610;
0.72 22 0 0.29 108 22 0.13 300 130 0 230 430;
0.97 29 0 0.63 259 29 0.35 358 288 0.11 392 646 0 152 1038;
0.73 31 0 0.3 109 31 0.16 319 140 0.09 232 459 0.04 250 691 0 248 941;
0.85 13 0 0.41 174 13 0.23 256 187 0.15 97 443 0 100 540;
0.78 20 0 0.38 182 20 0.18 159 202 0.06 380 361 0 261 741;
0.77 14 0 0.29 224 14 0.2 359 238 0.09 92 597 0.06 213 689 0.03 352 902 0 283 1254;
1 30 0 0.36 244 30 0.22 301 274 0.14 187 575 0.06 211 762 0.03 330 973 0 262 1303;
0.91 23 0 0.28 301 23 0.09 311 324 0.06 200 635 0 113 835;
0.79 33 0 0.38 321 33 0.15 208 354 0.05 103 562 0 108 665;
0.82 8 0 0.45 134 8 0.14 118 142 0.04 271 260 0.03 155 531 0 82 686;
0.97 20 0 0.4 58 20 0.16 169 78 0 141 247;
0.78 7 0 0.47 293 7 0.16 141 300 0 157 441;
0.99 40 0 0.53 159 40 0.28 112 199 0.09 117 311 0.06 116 428 0.04 267 544 0 117 811;
0.82 13 0 0.42 343 13 0.16 148 356 0.09 281 504 0.05 140 785 0 118 925;
0.9 26 0 0.49 99 26 0.16 239 125 0.09 150 364 0.06 260 514 0.02 63 774 0 166 837;
0.73 22 0 0.37 387 22 0.24 50 409 0 154 459;
0.79 14 0 0.5 376 14 0.3 193 390 0.1 273 583 0.05 167 856 0.03 226 1023 0 234 1249;
0.73 28 0 0.41 335 28 0.22 275 363 0 237 638;
0.95 28 0 0.41 220 28 0.19 157 248 0 266 405;
0.74 25 0 0.31 376 25 0.1 136 401 0.03 240 537 0 179 777;
0.96 24 0 0.67 128 24 0.32 131 152 0.17 286 283 0 263 569;
0.91 10 0 0.63 269 10 0.43 70 279 0.29 306 349 0.19 286 655 0 207 941;
0.84 7 0 0.51 93 7 0.18 282 100 0.12 116 382 0.08 330 498 0 282 828;
0.94 22 0 0.35 93 22 0.16 191 115 0.05 187 306 0 222 493;
0.75 35 0 0.43 64 35 0.22 142 99 0.13 109 241 0.06 333 350 0 216 683;
0.79 23 0 0.42 300 23 0.16 339 323 0.08 311 662 0.05 383 973 0.03 141 1356 0 225 1497;
0.84 36 0 0.3 334 36 0.15 185 370 0.09 80 555 0.06 151 635 0 106 786;
0.83 39 0 0.36 282 39 0.24 51 321 0 194 372;
0.89 15 0 0.46 358 15 0.27 370 373 0.18 256 743 0 121 999;
0.76 23 0 0.33 79 23 0.14 352 102 0.09 237 454 0 142 691;
0.96 24 0 0.39 115 24 0.19 135 139 0 115 274;
0.99 40 0 0.37 372 40 0.14 53 412 0.07 153 465 0.02 117 618 0 234 735;
0.82 19 0 0.53 115 19 0.24 77 134 0.13 304 211 0.04 176 515 0.02 332 691 0 285 1023;
0.88 8 0 0.33 171 8 0.23 186 179 0.15 255 365 0.08 379 620 0 146 999;
0.91 10 0 0.48 332 10 0.29 136 342 0.11 216 478 0 176 694;
0.77 34 0 0.47 101 34 0.16 288 135 0.06 324 423 0.03 217 747 0.01 233 964 0 116 1197;
1 9 0 0.66 178 9 0.24 222 187 0.09 338 409 0.04 122 747 0.03 354 869 0 230 1223;
0.77 8 0 0.52 255 8 0.27 84 263 0.14 173 347 0 102 520;
0.81 35 0 0.43 385 35 0.16 79 420 0.09 164 499 0.05 173 663 0 280 836;
0.9 17 0 0.45 248 17 0.26 263 265 0 202 528;
0.99 12 0 0.63 260 12 0.42 340 272 0.15 366 612 0 266 978;
0.82 28 0 0.51 359 28 0.16 283 387 0.11 296 670 0.06 246 966 0 198 1212;
0.75 24 0 0.52 103 24 0.35 364 127 0.2 52 491 0.1 204 543 0.03 295 747 0 251 1042;
0.83 33 0 0.38 59 33 0.18 236 92 0.07 400 328 0 226 728;
0.78 25 0 0.5 145 25 0.34 225 170 0 274 395;
0.76 37 0 0.53 147 37 0.36 145 184 0.18 400 329 0 190 729;
0.91 5 0 0.41 281 5 0.23 393 286 0 124 679;
0.91 8 0 0.58 385 8 0.34 101 393 0.15 357 494 0.08 196 851 0 136 1047;
0.7 17 0 0.36 162 17 0.24 254 179 0.14 371 433 0.06 160 804 0 225 964;
0.77 31 0 0.38 107 31 0.14 354 138 0.09 286 492 0.04 305 778 0 172 1083;
0.75 29 0 0.41 289 29 0.14 170 318 0.05 71 488 0 129 559;
0.72 14 0 0.45 92 14 0.15 114 106 0 176 220;
0.87 34 0 0.57 120 34 0.35 137 154 0.12 309 291 0 199 600;
0.99 28 0 0.4 340 28 0.21 161 368 0.15 377 529 0.08 367 906 0 293 1273;
0.82 36 0 0.41 300 36 0.26 322 336 0.12 299 658 0.08 285 957 0 108 1242;
0.89 30 0 0.34 192 30 0.12 272 222 0 208 494;
0.96 18 0 0.32 225 18 0.12 111 243 0.03 205 354 0 279 559;
0.87 16 0 0.34 235 16 0.12 269 251 0 275 520;
0.73 34 0 0.46 77 34 0.18 132 111 0.06 196 243 0.03 120 439 0 298 559;
0.74 6 0 0.39 107 6 0.26 396 113 0 160 509;
0.75 27 0 0.31 343 27 0.15 58 370 0.05 309 428 0 216 737;
0.92 14 0 0.45 279 14 0.17 201 293 0.09 197 494 0.04 313 691 0.02 325 1004 0 241 1329;
0.88 18 0 0.34 347 18 0.17 230 365 0.08 193 595 0.06 343 788 0 99 1131;
0.77 11 0 0.4 137 11 0.19 113 148 0 179 261;
0.8 27 0 0.35 364 27 0.24 133 391 0.16 54 524 0 231 578;
0.77 19 0 0.35 326 19 0.12 380 345 0.04 328 725 0 166 1053;
0.71 5 0 0.22 64 5 0.11 358 69 0.04 232 427 0.01 230 659 0 293 889;
0.97 38 0 0.43 124 38 0.26 219 162 0.18 57 381 0 88 438;
0.77 27 0 0.43 308 27 0.13 334 335 0.08 209 669 0.05 262 878 0 249 1140;
0.89 35 0 0.29 80 35 0.09 228 115 0.06 259 343 0 194 602;
0.79 37 0 0.35 331 37 0.11 96 368 0.05 155 464 0.02 73 619 0 275 692;
0.83 30 0 0.56 130 30 0.23 395 160 0.11 297 555 0 119 852;
0.77 33 0 0.28 290 33 0.19 106 323 0.12 198 429 0.07 63 627 0 139 690;
0.8 27 0 0.48 321 27 0.17 389 348 0.06 149 737 0 162 886;
0.78 27 0 0.47 262 27 0.32 300 289 0 119 589;
0.92 33 0 0.4 136 33 0.23 380 169 0.07 235 549 0 295 784;
0.95 22 0 0.52 206 22 0.24 141 228 0 97 369;
0.91 24 0 0.54 243 24 0.34 287 267 0.13 154 554 0.04 354 708 0.02 124 1062 0 287 1186;
0.94 29 0 0.6 124 29 0.32 378 153 0.12 352 531 0.08 190 883 0.04 81 1073 0 203 1154;
0.85 27 0 0.28 279 27 0.11 255 306 0.05 292 561 0 137 853;
0.77 30 0 0.33 171 30 0.2 125 201 0.06 280 326 0.02 341 606 0.01 222 947 0 166 1169;
0.91 27 0 0.45 101 27 0.25 143 128 0.09 270 271 0 121 541;
0.77 28 0 0.47 262 28 0.22 209 290 0.12 297 499 0.06 362 796 0.03 118 1158 0 108 1276;
0.97 25 0 0.61 267 25 0.42 163 292 0.14 314 455 0.1 260 769 0 259 1029;
0.99 15 0 0.46 261 15 0.31 189 276 0.18 81 465 0.09 105 546 0.04 115 651 0 124 766;
0.87 16 0 0.53 332 16 0.21 235 348 0.14 96 583 0.07 278 679 0.04 236 957 0 92 1193;
0.93 28 0 0.52 219 28 0.16 225 247 0.07 304 472 0 234 776;
0.85 27 0 0.56 363 27 0.22 55 390 0 163 445;
0.94 35 0 0.56 175 35 0.33 93 210 0.14 144 303 0.08 365 447 0 155 812;
0.88 14 0 0.3 224 14 0.12 209 238 0.05 308 447 0.03 136 755 0.02 331 891 0 162 1222;
0.9 38 0 0.32 363 38 0.2 192 401 0.12 56 593 0 148 649;
0.96 26 0 0.46 55 26 0.17 256 81 0.1 390 337 0.03 344 727 0.02 249 1071 0 151 1320;
0.75 38 0 0.26 190 38 0.14 175 228 0.06 387 403 0 227 790;
0.78 21 0 0.44 192 21 0.27 239 213 0.17 328 452 0.1 283 780 0 294 1063;
0.75 11 0 0.32 251 11 0.18 91 262 0.09 148 353 0 204 501;
0.96 15 0 0.62 245 15 0.3 163 260 0 160 423;
0.8 25 0 0.31 298 25 0.15 83 323 0.08 335 406 0 204 741;
0.71 19 0 0.3 246 19 0.15 177 265 0.07 242 442 0.03 150 684 0.01 138 834 0 99 972;
0.97 38 0 0.68 275 38 0.42 323 313 0.16 137 636 0.1 264 773 0 91 1037;
0.89 19 0 0.44 187 19 0.18 317 206 0.11 108 523 0 230 631;
0.82 11 0 0.37 154 11 0.13 66 165 0.07 327 231 0 150 558;
0.89 17 0 0.32 211 17 0.18 60 228 0.11 148 288 0 220 436;
1 30 0 0.62 83 30 0.4 293 113 0.24 262 406 0.16 162 668 0 152 830;
0.74 32 0 0.42 392 32 0.23 131 424 0.13 64 555 0 285 619;
0.85 39 0 0.43 385 39 0.21 304 424 0.13 307 728 0 167 1035;
0.94 24 0 0.45 271 24 0.31 331 295 0 200 626;
0.95 32 0 0.39 235 32 0.24 102 267 0.16 102 369 0.11 202 471 0 198 673;
0.89 31 0 0.37 203 31 0.21 340 234 0.11 334 574 0 139 908;
0.73 12 0 0.24 285 12 0.08 272 297 0.04 133 569 0.01 71 702 0 377 773 0 164 1150;
0.78 20 0 0.26 400 20 0.16 234 420 0.09 65 654 0.05 112 719 0 161 831;
0.85 23 0 0.31 188 23 0.12 178 211 0.05 264 389 0.02 246 653 0 162 899;
0.8 28 0 0.28 398 28 0.09 399 426 0.03 89 825 0.02 328 914 0 123 1242;
0.7 31 0 0.42 368 31 0.25 55 399 0.09 63 454 0 293 517;
0.89 18 0 0.33 189 18 0.15 334 207 0.05 132 541 0 120 673;
0.88 37 0 0.58 52 37 0.4 145 89 0.12 238 234 0 270 472;
0.79 26 0 0.32 302 26 0.18 308 328 0.12 380 636 0.08 277 1016 0.04 119 1293 0 233 1412;
0.94 8 0 0.52 127 8 0.18 310 135 0.12 194 445 0 148 639;
0.97 38 0 0.49 361 38 0.29 113 399 0.18 116 512 0 228 628;
0.79 32 0 0.37 345 32 0.24 52 377 0.1 96 429 0.06 397 525 0.03 346 922 0 277 1268;
0.97 32 0 0.46 329 32 0.3 186 361 0.2 367 547 0.13 178 914 0.07 254 1092 0 251 1346;
0.88 26 0 0.35 298 26 0.11 142 324 0 169 466;
0.93 24 0 0.52 134 24 0.19 217 158 0.07 134 375 0.04 50 509 0 95 559;
0.72 10 0 0.22 50 10 0.12 92 60 0 98 152;
0.72 10 0 0.45 354 10 0.19 176 364 0.09 64 540 0.03 231 604 0.02 139 835 0 89 974;
0.84 6 0 0.42 376 6 0.25 355 382 0.14 96 737 0.06 52 833 0.03 72 885 0 125 957;
0.96 21 0 0.66 152 21 0.22 219 173 0.11 393 392 0.04 68 785 0 86 853;
0.83 22 0 0.48 96 22 0.31 341 118 0 265 459;
0.79 23 0 0.45 159 23 0.17 138 182 0 82 320;
0.86 39 0 0.41 225 39 0.21 65 264 0 255 329;
0.71 13 0 0.36 55 13 0.2 178 68 0.09 113 246 0 293 359;
0.74 28 0 0.44 237 28 0.25 279 265 0.16 135 544 0.1 102 679 0.04 214 781 0 155 995;
0.93 19 0 0.38 150 19 0.24 336 169 0.14 292 505 0 265 797;
0.81 8 0 0.54 149 8 0.36 394 157 0.24 318 551 0.12 270 869 0 163 1139;
0.82 33 0 0.39 375 33 0.25 185 408 0.14 293 593 0.09 134 886 0 255 1020;
0.85 6 0 0.39 338 6 0.14 238 344 0.06 216 582 0.03 288 798 0 132 1086;
0.77 21 0 0.38 100 21 0.13 145 121 0.06 95 266 0.04 75 361 0.02 248 436 0 238 684;
0.83 33 0 0.26 347 33 0.12 286 380 0.06 227 666 0.03 238 893 0.01 331 1131 0 163 1462;
0.78 34 0 0.46 193 34 0.16 159 227 0.06 278 386 0.04 82 664 0 215 746;
0.92 25 0 0.36 372 25 0.16 226 397 0.11 116 623 0 219 739;
0.7 26 0 0.35 120 26 0.24 194 146 0.07 175 340 0.03 63 515 0 122 578;
0.75 35 0 0.32 162 35 0.14 125 197 0.05 336 322 0.03 162 658 0 135 820;
0.75 17 0 0.38 179 17 0.25 247 196 0.11 287 443 0 234 730;
0.95 27 0 0.3 198 27 0.13 249 225 0 236 474;
0.82 19 0 0.3 144 19 0.13 133 163 0.07 325 296 0.05 288 621 0 233 909;
0.73 8 0 0.24 222 8 0.16 203 230 0.09 273 433 0 125 706;
0.71 20 0 0.32 119 20 0.13 266 139 0 134 405;
0.72 36 0 0.34 311 36 0.22 150 347 0.1 262 497 0.05 284 759 0.03 119 1043 0 245 1162;
0.9 20 0 0.28 367 20 0.11 290 387 0 270 677;
0.72 26 0 0.29 92 26 0.12 354 118 0.08 273 472 0 233 745;
0.8 10 0 0.33 180 10 0.19 196 190 0.11 144 386 0.07 54 530 0 299 584;
0.79 33 0 0.55 221 33 0.32 314 254 0 201 568;
0.74 9 0 0.31 228 9 0.2 175 237 0.09 168 412 0.05 82 580 0.03 219 662 0 125 881;
0.91 6 0 0.52 62 6 0.21 62 68 0.11 337 130 0.04 173 467 0 188 640;
0.88 22 0 0.4 340 22 0.28 211 362 0.19 202 573 0 143 775;
0.81 18 0 0.44 396 18 0.21 85 414 0.06 349 499 0 288 848;
0.83 26 0 0.43 287 26 0.16 100 313 0 88 413;
0.73 6 0 0.22 184 6 0.13 140 190 0 243 330;
0.8 6 0 0.27 209 6 0.18 253 215 0 215 468;
0.78 38 0 0.43 55 38 0.25 201 93 0.15 116 294 0.05 372 410 0 266 782;
0.95 17 0 0.66 60 17 0.21 306 77 0.14 323 383 0.1 140 706 0 185 846;
0.87 18 0 0.47 100 18 0.25 234 118 0 284 352;
0.91 5 0 0.6 353 5 0.2 159 358 0.1 288 517 0 84 805;
1 35 0 0.65 368 35 0.31 302 403 0.13 314 705 0.05 284 1019 0 96 1303;
0.98 9 0 0.68 60 9 0.46 106 69 0.17 355 175 0.1 292 530 0.03 367 822 0 145 1189;
0.78 24 0 0.28 53 24 0.17 100 77 0 191 177;
0.85 25 0 0.39 103 25 0.22 199 128 0.08 58 327 0 134 385;
0.94 19 0 0.38 341 19 0.19 54 360 0.06 231 414 0.02 55 645 0 223 700;
0.78 37 0 0.47 156 37 0.31 392 193 0.18 332 585 0 215 917;
0.98 39 0 0.51 336 39 0.17 271 375 0.1 318 646 0 126 964;
0.88 19 0 0.35 372 19 0.18 249 391 0.12 253 640 0 146 893;
0.77 23 0 0.34 283 23 0.13 110 306 0.05 303 416 0 165 719;
0.87 16 0 0.49 149 16 0.31 372 165 0 209 537;
0.77 14 0 0.38 226 14 0.2 231 240 0.11 389 471 0.07 168 860 0.03 242 1028 0 193 1270;
1 24 0 0.48 348 24 0.24 335 372 0 160 707;
0.99 30 0 0.37 119 30 0.24 253 149 0.1 343 402 0 234 745;
0.8 36 0 0.32 172 36 0.15 336 208 0.07 394 544 0.04 232 938 0.02 235 1170 0 107 1405;
0.82 24 0 0.38 75 24 0.23 169 99 0.13 120 268 0.05 156 388 0 248 544;
0.81 15 0 0.46 368 15 0.15 339 383 0.09 148 722 0.06 224 870 0 118 1094;
0.97 34 0 0.35 278 34 0.14 361 312 0.04 340 673 0.01 163 1013 0.01 98 1176 0 175 1274;
0.81 22 0 0.42 233 22 0.24 300 255 0.08 77 555 0 130 632;
0.92 27 0 0.36 385 27 0.16 285 412 0.06 159 697 0.03 389 856 0 89 1245;
0.9 14 0 0.62 393 14 0.25 371 407 0 201 778;
0.72 28 0 0.31 386 28 0.14 78 414 0.07 68 492 0.03 136 560 0.01 367 696 0 277 1063;
0.81 11 0 0.56 351 11 0.36 375 362 0 289 737;
0.97 11 0 0.67 86 11 0.25 355 97 0.16 124 452 0 293 576;
0.97 29 0 0.32 107 29 0.15 133 136 0 297 269;
0.81 13 0 0.56 56 13 0.25 367 69 0 185 436;
0.91 38 0 0.33 158 38 0.17 70 196 0.05 277 266 0 260 543;
0.96 28 0 0.39 146 28 0.17 162 174 0.07 308 336 0.04 264 644 0.02 260 908 0 100 1168;
0.88 9 0 0.27 206 9 0.19 383 215 0.12 337 598 0.06 354 935 0 256 1289;
0.77 5 0 0.48 129 5 0.25 338 134 0.18 352 472 0.12 293 824 0.07 320 1117 0 86 1437;
0.99 15 0 0.31 308 15 0.15 285 323 0.07 110 608 0.04 217 718 0 154 935;
0.95 31 0 0.43 396 31 0.16 346 427 0.08 56 773 0 296 829;
0.81 21 0 0.54 278 21 0.2 57 299 0 271 356;
0.94 5 0 0.33 94 5 0.2 308 99 0.09 155 407 0.04 110 562 0 145 672;
0.94 36 0 0.41 205 36 0.28 253 241 0.11 83 494 0 82 577;
0.95 40 0 0.34 53 40 0.14 330 93 0.05 312 423 0.02 345 735 0.01 267 1080 0 120 1347;
0.8 24 0 0.42 322 24 0.26 248 346 0 100 594;
0.78 35 0 0.32 384 35 0.12 340 419 0.05 303 759 0 297 1062;
0.92 29 0 0.64 370 29 0.23 116 399 0 128 515;
0.77 11 0 0.48 263 11 0.3 320 274 0.12 184 594 0.05 386 778 0 254 1164;
0.92 38 0 0.31 257 38 0.15 79 295 0.06 167 374 0 134 541;
0.78 8 0 0.52 145 8 0.26 162 153 0 183 315;
0.83 6 0 0.48 161 6 0.32 346 167 0 145 513;
0.93 25 0 0.45 78 25 0.27 98 103 0.16 344 201 0.08 97 545 0 117 642;
0.95 34 0 0.56 257 34 0.22 58 291 0 288 349;
0.94 15 0 0.45 85 15 0.23 80 100 0.09 267 180 0.04 235 447 0.02 52 682 0 100 734;
0.93 32 0 0.59 73 32 0.19 78 105 0.12 141 183 0 116 324;
0.99 28 0 0.32 56 28 0.18 100 84 0.08 155 184 0.03 285 339 0.02 344 624 0 131 968;
0.78 29 0 0.37 97 29 0.23 235 126 0.07 250 361 0.03 94 611 0 229 705;
0.85 29 0 0.48 296 29 0.18 118 325 0 122 443;
0.72 28 0 0.23 200 28 0.12 72 228 0.06 399 300 0 299 699;
0.76 36 0 0.23 381 36 0.12 305 417 0.08 111 722 0.04 341 833 0 227 1174;
0.73 28 0 0.33 315 28 0.22 397 343 0.08 167 740 0 89 907;
0.78 16 0 0.33 236 16 0.22 182 252 0.15 291 434 0.09 300 725 0.06 353 1025 0 239 1378;
0.89 24 0 0.43 176 24 0.16 307 200 0.06 373 507 0.03 390 880 0 284 1270;
0.93 40 0 0.46 144 40 0.3 197 184 0.17 91 381 0.11 183 472 0 226 655;
0.79 21 0 0.28 327 21 0.15 215 348 0 199 563;
0.9 10 0 0.42 315 10 0.26 122 325 0 299 447;
0.89 16 0 0.61 213 16 0.19 65 229 0 89 294;
0.75 36 0 0.28 155 36 0.13 175 191 0.05 289 366 0 257 655;
0.94 9 0 0.58 312 9 0.29 139 321 0 285 460;
0.89 17 0 0.51 94 17 0.16 220 111 0.11 360 331 0.05 172 691 0 277 863;
0.92 12 0 0.33 100 12 0.15 161 112 0 254 273;
0.95 23 0 0.63 153 23 0.44 261 176 0.17 74 437 0.05 329 511 0.02 72 840 0 260 912;
0.93 24 0 0.63 70 24 0.19 243 94 0.07 365 337 0.02 250 702 0 254 952;
0.95 11 0 0.55 327 11 0.33 138 338 0.23 253 476 0.07 243 729 0.03 358 972 0 100 1330;
0.77 19 0 0.28 361 19 0.15 299 380 0.07 385 679 0.04 101 1064 0 125 1165;
0.9 30 0 0.38 203 30 0.25 163 233 0.09 370 396 0.05 153 766 0 216 919;
0.92 30 0 0.59 379 30 0.32 115 409 0.11 313 524 0 229 837;
0.98 16 0 0.49 214 16 0.25 80 230 0.1 369 310 0.06 362 679 0.04 243 1041 0 269 1284;
0.99 17 0 0.34 367 17 0.12 109 384 0.08 82 493 0.03 272 575 0.02 267 847 0 250 1114;
0.93 34 0 0.54 358 34 0.21 339 392 0 176 731;
0.92 15 0 0.37 266 15 0.23 223 281 0.12 66 504 0 160 570;
0.8 25 0 0.4 217 25 0.26 264 242 0.1 121 506 0 250 627;
0.8 16 0 0.29 297 16 0.17 201 313 0.11 131 514 0 264 645;
0.77 36 0 0.48 97 36 0.23 158 133 0.12 54 291 0 84 345;
0.88 31 0 0.59 118 31 0.39 271 149 0.2 390 420 0 275 810;
0.96 6 0 0.56 278 6 0.35 53 284 0 126 337;
0.81 8 0 0.35 154 8 0.14 200 162 0.1 225 362 0 196 587;
0.9 15 0 0.53 309 15 0.34 391 324 0.2 105 715 0 203 820;
0.95 20 0 0.6 302 20 0.23 187 322 0.1 66 509 0 170 575;
0.91 36 0 0.56 374 36 0.37 114 410 0 236 524;
0.97 33 0 0.39 106 33 0.26 249 139 0.15 363 388 0.1 150 751 0 105 901;
0.98 24 0 0.39 285 24 0.14 357 309 0.08 264 666 0.05 147 930 0 236 1077;
0.75 14 0 0.43 315 14 0.27 395 329 0.09 379 724 0.03 83 1103 0 292 1186;
0.86 37 0 0.43 301 37 0.23 309 338 0 189 647;
0.83 8 0 0.5 301 8 0.26 329 309 0 238 638;
0.85 21 0 0.4 124 21 0.25 382 145 0.16 275 527 0.11 246 802 0 299 1048;
0.82 6 0 0.46 162 6 0.18 164 168 0 84 332;
0.96 38 0 0.59 81 38 0.2 85 119 0.12 262 204 0.09 159 466 0 147 625;
0.74 18 0 0.49 279 18 0.33 336 297 0.13 222 633 0.07 371 855 0 115 1226;
0.9 21 0 0.46 236 21 0.3 224 257 0.12 280 481 0.05 323 761 0.02 59 1084 0 137 1143;
1 14 0 0.57 214 14 0.34 262 228 0.15 251 490 0.09 151 741 0 129 892;
0.94 12 0 0.39 296 12 0.21 209 308 0 255 517;
0.94 15 0 0.39 229 15 0.18 254 244 0.09 383 498 0.04 312 881 0 127 1193;
0.8 21 0 0.42 146 21 0.23 165 167 0.1 369 332 0.05 224 701 0 185 925;
0.72 36 0 0.23 169 36 0.08 107 205 0.05 137 312 0 248 449;
0.94 28 0 0.57 101 28 0.28 359 129 0.11 159 488 0.04 137 647 0.03 313 784 0 279 1097;
0.83 14 0 0.36 250 14 0.18 240 264 0.1 253 504 0.06 80 757 0.03 197 837 0 207 1034;
0.94 13 0 0.64 260 13 0.28 116 273 0.12 283 389 0 214 672;
0.88 29 0 0.53 94 29 0.19 386 123 0.08 266 509 0.04 72 775 0.02 345 847 0 180 1192;
0.71 13 0 0.42 373 13 0.13 113 386 0 232 499;
0.8 14 0 0.29 215 14 0.14 307 229 0.07 334 536 0.03 191 870 0 146 1061;
0.79 13 0 0.33 241 13 0.15 190 254 0 93 444;
0.95 15 0 0.6 285 15 0.19 280 300 0.06 219 580 0.03 292 799 0 269 1091;
0.87 12 0 0.59 70 12 0.31 394 82 0.18 321 476 0 269 797;
0.89 14 0 0.27 190 14 0.12 308 204 0 109 512;
0.73 33 0 0.32 149 33 0.11 274 182 0.07 64 456 0.03 109 520 0 200 629;
0.94 20 0 0.38 83 20 0.16 88 103 0 87 191;
0.73 19 0 0.41 50 19 0.24 77 69 0 124 146;
0.79 39 0 0.42 219 39 0.15 172 258 0.05 238 430 0 204 668;
0.97 16 0 0.55 287 16 0.17 330 303 0.1 125 633 0 196 758;
0.91 39 0 0.35 391 39 0.19 126 430 0.06 270 556 0 238 826;
0.94 15 0 0.34 282 15 0.14 201 297 0.05 313 498 0.03 246 811 0 234 1057;
0.94 11 0 0.46 378 11 0.29 214 389 0.16 394 603 0.11 116 997 0 194 1113;
0.73 15 0 0.35 349 15 0.19 87 364 0.11 121 451 0.06 152 572 0 251 724;
0.82 6 0 0.26 125 6 0.18 141 131 0 247 272;
0.78 21 0 0.52 305 21 0.22 140 326 0.1 321 466 0.05 112 787 0.02 372 899 0 176 1271;
0.92 14 0 0.53 344 14 0.22 174 358 0 250 532;
0.78 5 0 0.54 231 5 0.2 184 236 0 240 420;
0.95 10 0 0.3 60 10 0.19 138 70 0.08 364 208 0 117 572;
0.99 23 0 0.41 253 23 0.21 214 276 0 249 490;
0.71 17 0 0.31 62 17 0.1 255 79 0.03 270 334 0.01 85 604 0 257 689;
0.8 30 0 0.5 212 30 0.28 196 242 0.14 217 438 0 218 655;
0.75 6 0 0.5 101 6 0.17 173 107 0.06 144 280 0.02 118 424 0.02 272 542 0 182 814;
0.98 23 0 0.54 152 23 0.36 232 175 0.13 358 407 0 173 765;
0.81 34 0 0.46 202 34 0.24 315 236 0 221 551;
0.82 38 0 0.27 333 38 0.11 337 371 0 95 708;
0.86 10 0 0.28 117 10 0.1 373 127 0.06 167 500 0 180 667;
0.97 29 0 0.39 129 29 0.18 124 158 0.12 398 282 0.06 361 680 0 97 1041;
0.77 14 0 0.26 142 14 0.16 175 156 0.1 372 331 0.07 325 703 0.03 184 1028 0 146 1212;
0.99 38 0 0.5 244 38 0.34 79 282 0.12 344 361 0.05 288 705 0.02 357 993 0 227 1350;
0.88 6 0 0.58 160 6 0.2 323 166 0.12 178 489 0.07 209 667 0 160 876;
0.98 36 0 0.41 74 36 0.22 288 110 0.14 163 398 0.05 246 561 0 100 807;
0.98 21 0 0.54 124 21 0.37 309 145 0.2 81 454 0.12 114 535 0.07 309 649 0 212 958;
0.91 37 0 0.33 170 37 0.16 304 207 0.07 389 511 0 175 900;
0.73 10 0 0.49 172 10 0.32 62 182 0.14 171 244 0 263 415;
0.99 6 0 0.32 71 6 0.22 376 77 0.15 129 453 0.09 123 582 0 252 705;
0.97 17 0 0.59 133 17 0.23 91 150 0.07 167 241 0.04 170 408 0 138 578;
0.98 13 0 0.59 222 13 0.35 231 235 0.23 168 466 0 232 634;
0.7 20 0 0.45 322 20 0.31 81 342 0.17 284 423 0.06 280 707 0 137 987;
0.81 28 0 0.38 266 28 0.14 291 294 0.07 324 585 0.04 340 909 0 237 1249;
0.9 15 0 0.43 133 15 0.14 247 148 0.08 342 395 0.05 380 737 0.02 156 1117 0 213 1273;
0.91 19 0 0.6 360 19 0.38 85 379 0.15 124 464 0.1 87 588 0.05 71 675 0 299 746;
0.8 28 0 0.47 110 28 0.29 179 138 0 197 317;
0.87 40 0 0.54 174 40 0.37 210 214 0.18 69 424 0.08 288 493 0 228 781;
0.71 5 0 0.33 394 5 0.18 309 399 0.12 276 708 0 211 984;
0.97 9 0 0.4 389 9 0.2 142 398 0 201 540;
0.99 31 0 0.31 367 31 0.16 236 398 0.09 147 634 0.04 80 781 0.01 185 861 0 164 1046;
0.86 39 0 0.51 309 39 0.35 297 348 0.11 272 645 0.07 334 917 0 120 1251;
0.83 34 0 0.28 83 34 0.12 374 117 0 143 491;
0.85 27 0 0.34 76 27 0.19 286 103 0.09 135 389 0.03 154 524 0.01 139 678 0 258 817;
0.73 38 0 0.46 380 38 0.24 341 418 0.09 118 759 0.05 356 877 0 242 1233;
1 34 0 0.39 79 34 0.25 255 113 0.14 383 368 0 93 751;
0.86 14 0 0.55 76 14 0.35 202 90 0.16 54 292 0.05 71 346 0 235 417;
0.88 31 0 0.6 101 31 0.28 86 132 0.15 232 218 0.06 228 450 0 188 678;
0.94 27 0 0.43 67 27 0.22 129 94 0.11 203 223 0.04 340 426 0.02 179 766 0 273 945;
0.79 6 0 0.27 373 6 0.17 225 379 0.1 73 604 0.07 98 677 0.03 258 775 0 170 1033;
0.75 29 0 0.27 74 29 0.1 146 103 0.05 235 249 0 86 484;
0.8 15 0 0.41 284 15 0.29 245 299 0.19 297 544 0.09 160 841 0 150 1001;
0.93 7 0 0.4 339 7 0.14 146 346 0.09 350 492 0.04 327 842 0 154 1169;
0.9 13 0 0.62 115 13 0.41 205 128 0.2 400 333 0.07 154 733 0.03 126 887 0 192 1013;
0.8 15 0 0.34 114 15 0.2 143 129 0.1 303 272 0.03 176 575 0.02 197 751 0 177 948;
0.8 28 0 0.53 195 28 0.34 351 223 0.18 119 574 0.06 395 693 0.03 326 1088 0 210 1414;
0.73 37 0 0.29 212 37 0.18 186 249 0.12 376 435 0.04 166 811 0 189 977;
0.83 35 0 0.57 160 35 0.3 117 195 0.17 79 312 0 171 391;
0.82 40 0 0.48 193 40 0.18 208 233 0.11 158 441 0.04 169 599 0.02 154 768 0 133 922;
0.88 21 0 0.31 379 21 0.1 307 400 0.06 52 707 0.03 335 759 0.01 182 1094 0 263 1276;
0.93 27 0 0.3 284 27 0.19 381 311 0.11 287 692 0 163 979;
0.78 14 0 0.29 114 14 0.1 337 128 0.04 156 465 0.03 262 621 0 157 883;
0.97 17 0 0.46 264 17 0.22 135 281 0.15 311 416 0.09 269 727 0.03 218 996 0 223 1214;
0.84 17 0 0.55 88 17 0.3 132 105 0 148 237;
0.81 18 0 0.4 284 18 0.22 268 302 0 182 570;
0.73 33 0 0.38 106 33 0.16 245 139 0.08 327 384 0.04 331 711 0 168 1042;
0.91 24 0 0.52 155 24 0.31 302 179 0.18 92 481 0 241 573;
0.7 40 0 0.34 183 40 0.24 268 223 0.09 323 491 0.05 94 814 0.03 178 908 0 101 1086;
0.74 29 0 0.34 93 29 0.14 179 122 0.04 205 301 0.01 95 506 0 224 601;
0.85 5 0 0.54 85 5 0.18 91 90 0.11 249 181 0.07 209 430 0 253 639;
0.97 5 0 0.48 199 5 0.17 251 204 0.06 307 455 0 145 762;
0.71 15 0 0.23 189 15 0.14 85 204 0 187 289;
0.79 32 0 0.29 177 32 0.1 341 209 0.06 371 550 0 108 921;
0.86 27 0 0.27 382 27 0.08 356 409 0.05 170 765 0 191 935;
0.86 37 0 0.31 206 37 0.2 104 243 0.09 137 347 0.05 126 484 0 127 610;
0.77 17 0 0.38 284 17 0.13 105 301 0.04 363 406 0.02 214 769 0.01 145 983 0 152 1128;
0.86 30 0 0.3 217 30 0.09 93 247 0.06 123 340 0.04 70 463 0.03 361 533 0 219 894;
0.98 10 0 0.35 134 10 0.17 369 144 0.07 145 513 0.03 127 658 0 134 785;
0.7 17 0 0.36 284 17 0.2 393 301 0.06 300 694 0 156 994;
0.8 40 0 0.32 124 40 0.16 222 164 0.05 149 386 0.03 75 535 0.01 358 610 0 297 968;
0.88 34 0 0.47 332 34 0.32 205 366 0.17 140 571 0.11 287 711 0 226 998;
0.72 15 0 0.36 238 15 0.23 162 253 0.16 365 415 0.06 387 780 0 201 1167;
0.99 38 0 0.3 140 38 0.15 181 178 0.1 121 359 0.06 198 480 0.02 208 678 0 293 886;
0.85 17 0 0.58 302 17 0.38 106 319 0 168 425;
0.84 28 0 0.45 333 28 0.24 268 361 0.1 231 629 0.06 171 860 0 284 1031;
0.98 12 0 0.58 356 12 0.3 54 368 0 237 422;
0.84 17 0 0.46 305 17 0.25 329 322 0.17 56 651 0.11 229 707 0 151 936;
0.73 38 0 0.33 95 38 0.22 246 133 0 246 379;
0.9 5 0 0.35 121 5 0.2 362 126 0.09 344 488 0 81 832;
0.75 28 0 0.41 102 28 0.23 68 130 0 294 198;
0.87 24 0 0.5 306 24 0.19 281 330 0.06 67 611 0 298 678;
0.76 32 0 0.43 141 32 0.13 385 173 0.08 93 558 0.02 79 651 0 245 730;
0.94 8 0 0.46 342 8 0.29 331 350 0.13 253 681 0.09 70 934 0.06 207 1004 0 100 1211;
0.82 36 0 0.25 187 36 0.16 106 223 0.06 272 329 0.03 243 601 0 264 844;
0.95 25 0 0.55 327 25 0.27 229 352 0.15 134 581 0.1 263 715 0 176 978;
0.97 16 0 0.36 315 16 0.15 333 331 0.06 64 664 0.03 174 728 0.02 50 902 0 286 952;
0.82 33 0 0.33 209 33 0.11 194 242 0 217 436;
0.71 26 0 0.33 91 26 0.16 53 117 0.09 105 170 0.04 250 275 0.02 181 525 0 194 706;
0.75 14 0 0.4 67 14 0.13 125 81 0.06 334 206 0 253 540;
0.72 11 0 0.43 79 11 0.2 344 90 0.08 142 434 0.05 342 576 0.02 297 918 0 176 1215;
0.73 25 0 0.4 53 25 0.22 55 78 0.13 348 133 0.08 347 481 0.03 59 828 0 103 887;
0.77 35 0 0.41 140 35 0.16 273 175 0.08 168 448 0 119 616;
0.93 28 0 0.37 192 28 0.22 136 220 0.08 384 356 0 112 740;
0.76 16 0 0.35 343 16 0.24 331 359 0 86 690;
0.77 38 0 0.44 190 38 0.29 326 228 0.13 274 554 0.09 257 828 0 111 1085;
0.78 20 0 0.28 112 20 0.15 111 132 0 216 243;
0.76 19 0 0.4 211 19 0.13 187 230 0 253 417;
0.73 6 0 0.27 348 6 0.11 382 354 0 142 736;
0.96 12 0 0.29 55 12 0.19 383 67 0.11 291 450 0 248 741;
0.87 25 0 0.57 285 25 0.22 173 310 0.11 268 483 0.06 333 751 0.04 122 1084 0 109 1206;
0.94 14 0 0.44 253 14 0.27 304 267 0.14 220 571 0 241 791;
0.83 30 0 0.55 124 30 0.37 392 154 0.12 190 546 0 247 736;
0.75 15 0 0.49 71 15 0.21 297 86 0 261 383;
0.71 37 0 0.36 395 37 0.18 265 432 0.11 295 697 0 192 992;
0.99 24 0 0.59 91 24 0.22 75 115 0 294 190;
0.89 11 0 0.47 212 11 0.19 98 223 0.13 156 321 0.06 120 477 0 138 597;
0.74 6 0 0.28 345 6 0.09 179 351 0.05 359 530 0 243 889;
0.73 23 0 0.5 239 23 0.26 173 262 0.13 339 435 0.08 362 774 0.05 357 1136 0 197 1493;
0.81 38 0 0.26 386 38 0.1 226 424 0 225 650;
0.85 21 0 0.55 115 21 0.23 356 136 0.1 335 492 0.05 303 827 0.03 56 1130 0 297 1186;
0.77 20 0 0.44 324 20 0.18 50 344 0 124 394;
0.97 31 0 0.65 212 31 0.37 143 243 0.23 386 386 0.13 160 772 0 208 932;
0.84 32 0 0.34 230 32 0.17 66 262 0.08 52 328 0.05 391 380 0 90 771;
0.78 21 0 0.33 213 21 0.14 232 234 0.05 61 466 0 264 527;
0.82 23 0 0.35 65 23 0.22 381 88 0.1 366 469 0.05 393 835 0.03 306 1228 0 101 1534;
0.98 36 0 0.58 134 36 0.2 150 170 0.09 103 320 0.05 50 423 0 154 473;
0.73 38 0 0.29 133 38 0.19 351 171 0.08 133 522 0.04 207 655 0.02 124 862 0 230 986;
0.99 11 0 0.62 303 11 0.24 62 314 0.07 168 376 0.03 125 544 0 100 669;
0.95 22 0 0.41 208 22 0.21 219 230 0.08 68 449 0.02 173 517 0.01 174 690 0 110 864;
0.93 22 0 0.34 363 22 0.12 130 385 0.05 372 515 0.02 324 887 0 159 1211;
0.78 34 0 0.4 388 34 0.21 330 422 0.12 295 752 0.06 273 1047 0.03 355 1320 0 208 1675;
0.92 14 0 0.3 336 14 0.17 251 350 0.07 288 601 0.03 227 889 0 285 1116;
0.74 36 0 0.35 349 36 0.19 124 385 0.13 100 509 0.08 234 609 0 184 843;
0.94 10 0 0.63 108 10 0.37 326 118 0.24 84 444 0.14 259 528 0.05 366 787 0 185 1153;
0.96 18 0 0.57 337 18 0.37 66 355 0.18 314 421 0.08 296 735 0.06 177 1031 0 186 1208;
0.74 40 0 0.37 150 40 0.16 318 190 0.06 197 508 0.04 69 705 0 228 774;
0.77 15 0 0.44 298 15 0.26 332 313 0.17 204 645 0 249 849;
0.78 6 0 0.52 169 6 0.27 198 175 0 181 373;
0.75 31 0 0.23 258 31 0.14 205 289 0 215 494;
0.79 8 0 0.5 60 8 0.26 65 68 0.08 345 133 0.05 152 478 0 247 630;
0.87 39 0 0.58 243 39 0.37 114 282 0 241 396;
0.96 34 0 0.59 345 34 0.2 331 379 0 264 710;
0.88 19 0 0.39 291 19 0.13 291 310 0.06 336 601 0.04 279 937 0.02 154 1216 0 121 1370;
0.76 13 0 0.42 92 13 0.23 90 105 0.1 89 195 0.04 346 284 0 211 630;
0.91 36 0 0.6 217 36 0.22 378 253 0.15 90 631 0.07 147 721 0.04 157 868 0 266 1025;
0.83 26 0 0.38 389 26 0.19 262 415 0.08 161 677 0 82 838;
0.72 18 0 0.43 127 18 0.23 216 145 0.15 262 361 0 91 623;
0.74 19 0 0.41 103 19 0.27 62 122 0.18 197 184 0.1 310 381 0.04 367 691 0 110 1058;
0.87 21 0 0.57 114 21 0.31 357 135 0.16 138 492 0.1 207 630 0 187 837;
0.88 11 0 0.31 183 11 0.14 267 194 0.08 335 461 0.06 299 796 0 113 1095;
0.9 28 0 0.53 202 28 0.27 350 230 0.19 72 580 0.08 230 652 0.04 106 882 0 255 988;
0.82 6 0 0.44 267 6 0.2 106 273 0.13 314 379 0 166 693;
0.85 12 0 0.48 51 12 0.32 108 63 0.14 295 171 0.07 175 466 0 222 641;
0.85 13 0 0.55 241 13 0.25 88 254 0.11 94 342 0 100 436;
0.71 10 0 0.44 269 10 0.23 257 279 0.08 263 536 0.05 227 799 0.03 276 1026 0 218 1302;
0.89 14 0 0.44 117 14 0.22 331 131 0.14 236 462 0 187 698;
0.79 15 0 0.54 326 15 0.22 333 341 0.08 59 674 0.05 259 733 0.03 346 992 0 230 1338;
0.87 29 0 0.28 248 29 0.18 207 277 0.08 221 484 0.05 379 705 0.03 240 1084 0 84 1324;
0.81 5 0 0.51 263 5 0.33 260 268 0.19 281 528 0 298 809;
0.74 18 0 0.42 65 18 0.29 348 83 0.11 372 431 0.06 159 803 0 173 962;
0.76 33 0 0.28 125 33 0.15 89 158 0.06 174 247 0.03 386 421 0.01 113 807 0 277 920;
0.83 21 0 0.41 60 21 0.17 93 81 0.05 126 174 0.02 199 300 0 107 499;
0.89 12 0 0.47 356 12 0.25 220 368 0.11 371 588 0 274 959;
0.83 40 0 0.47 66 40 0.19 186 106 0.09 290 292 0.06 306 582 0 192 888;
0.97 9 0 0.53 177 9 0.19 183 186 0.09 216 369 0.05 175 585 0 103 760;
0.76 39 0 0.24 289 39 0.13 209 328 0.07 82 537 0.02 214 619 0 230 833;
0.74 10 0 0.32 399 10 0.16 206 409 0.09 161 615 0 94 776;
0.8 22 0 0.47 207 22 0.25 95 229 0.11 388 324 0.04 217 712 0.02 119 929 0 180 1048;
0.76 38 0 0.28 76 38 0.12 60 114 0.06 236 174 0.04 324 410 0 223 734;
0.87 30 0 0.39 318 30 0.27 175 348 0.11 314 523 0 89 837;
0.84 24 0 0.3 340 24 0.15 137 364 0.07 63 501 0.05 268 564 0 140 832;
0.97 25 0 0.49 335 25 0.3 180 360 0.1 217 540 0 189 757;
0.86 27 0 0.39 213 27 0.23 334 240 0.1 70 574 0.05 181 644 0 284 825;
0.7 14 0 0.32 301 14 0.16 308 315 0.1 267 623 0 294 890;
0.82 9 0 0.49 132 9 0.24 125 141 0.13 233 266 0.07 50 499 0.02 257 549 0 274 806;
0.83 10 0 0.33 339 10 0.21 376 349 0.14 256 725 0.05 92 981 0.02 73 1073 0 113 1146;
0.96 23 0 0.47 110 23 0.32 335 133 0 260 468;
0.89 6 0 0.46 400 6 0.27 263 406 0.1 186 669 0.05 379 855 0.02 139 1234 0 218 1373;
0.82 35 0 0.44 235 35 0.23 265 270 0.12 271 535 0.06 258 806 0 228 1064;
0.85 31 0 0.31 155 31 0.12 391 186 0 231 577;
0.74 26 0 0.24 175 26 0.12 74 201 0.08 230 275 0 203 505;
0.91 30 0 0.38 215 30 0.15 320 245 0.1 76 565 0 142 641;
0.7 25 0 0.26 289 25 0.16 302 314 0.07 150 616 0.03 164 766 0.01 235 930 0 273 1165;
0.76 18 0 0.5 184 18 0.15 311 202 0.06 388 513 0.02 77 901 0.01 386 978 0 160 1364;
0.81 8 0 0.39 205 8 0.13 344 213 0.07 376 557 0.05 143 933 0 165 1076;
0.78 7 0 0.33 337 7 0.19 231 344 0.11 287 575 0.05 191 862 0.02 94 1053 0 218 1147;
0.82 19 0 0.55 77 19 0.18 386 96 0.06 265 482 0.03 359 747 0.01 185 1106 0 237 1291;
0.89 19 0 0.49 243 19 0.18 231 262 0.07 317 493 0 199 810;
0.99 38 0 0.36 333 38 0.24 305 371 0.15 304 676 0.06 340 980 0 158 1320;
0.84 23 0 0.35 267 23 0.24 281 290 0.12 316 571 0.06 153 887 0 287 1040;
0.96 38 0 0.34 146 38 0.21 334 184 0 180 518;
0.73 35 0 0.36 115 35 0.17 83 150 0.06 302 233 0 182 535;
0.93 5 0 0.28 361 5 0.18 274 366 0.1 85 640 0.06 139 725 0.03 120 864 0 136 984;
0.95 28 0 0.31 148 28 0.12 229 176 0.06 145 405 0 208 550;
0.72 37 0 0.37 330 37 0.18 199 367 0.12 286 566 0 209 852;
0.72 36 0 0.39 100 36 0.12 306 136 0.05 149 442 0.02 263 591 0.01 242 854 0 289 1096;
0.8 16 0 0.38 117 16 0.15 307 133 0.09 382 440 0.06 192 822 0.04 253 1014 0 249 1267;
0.73 19 0 0.42 65 19 0.15 154 84 0.09 78 238 0 241 316;
0.71 9 0 0.32 150 9 0.11 120 159 0 114 279;
0.8 38 0 0.34 87 38 0.22 317 125 0.12 214 442 0 227 656;
0.79 24 0 0.4 347 24 0.17 75 371 0.08 383 446 0.05 174 829 0 224 1003;
0.97 10 0 0.3 245 10 0.11 181 255 0.06 385 436 0.04 368 821 0 96 1189;
0.78 29 0 0.33 86 29 0.18 203 115 0 97 318;
0.97 14 0 0.64 195 14 0.29 229 209 0.17 361 438 0.05 166 799 0.03 314 965 0 264 1279;
0.84 39 0 0.35 332 39 0.23 217 371 0 145 588;
0.99 36 0 0.57 313 36 0.38 259 349 0 124 608;
0.71 20 0 0.35 117 20 0.16 202 137 0.05 152 339 0.03 211 491 0.01 348 702 0 212 1050;
0.8 18 0 0.26 332 18 0.18 332 350 0.12 122 682 0 274 804;
0.97 35 0 0.59 265 35 0.28 177 300 0.12 199 477 0 252 676;
0.79 15 0 0.41 328 15 0.27 388 343 0.09 92 731 0 179 823;
0.73 37 0 0.39 199 37 0.16 70 236 0.07 225 306 0 266 531;
0.82 18 0 0.53 159 18 0.34 234 177 0.1 309 411 0.04 50 720 0.03 66 770 0 253 836;
0.81 20 0 0.53 97 20 0.35 398 117 0 158 515;
0.89 38 0 0.48 115 38 0.31 174 153 0.1 231 327 0.03 311 558 0 99 869;
0.75 19 0 0.39 163 19 0.17 366 182 0.1 80 548 0.05 159 628 0.03 390 787 0 132 1177;
0.99 38 0 0.34 350 38 0.14 112 388 0 256 500;
0.83 10 0 0.28 138 10 0.16 320 148 0.07 305 468 0.05 74 773 0 196 847;
0.95 8 0 0.51 282 8 0.18 99 290 0.12 91 389 0 213 480;
0.87 16 0 0.27 188 16 0.11 268 204 0 179 472;
0.88 26 0 0.27 399 26 0.1 246 425 0.06 81 671 0 262 752;
0.8 29 0 0.51 143 29 0.35 206 172 0.14 320 378 0.1 90 698 0 166 788;
0.83 29 0 0.45 261 29 0.19 318 290 0.07 324 608 0.04 226 932 0 191 1158;
0.84 25 0 0.54 273 25 0.29 245 298 0.11 310 543 0.04 259 853 0 132 1112;
0.87 16 0 0.29 263 16 0.2 340 279 0.12 216 619 0.04 183 835 0 287 1018;
0.9 21 0 0.47 368 21 0.22 343 389 0.11 127 732 0.07 86 859 0.05 199 945 0 270 1144;
0.95 21 0 0.6 115 21 0.23 369 136 0.1 140 505 0 244 645;
0.96 22 0 0.39 191 22 0.24 139 213 0 220 352;
0.95 11 0 0.43 167 11 0.15 260 178 0.06 194 438 0.02 375 632 0 83 1007;
0.8 14 0 0.42 396 14 0.18 147 410 0.05 109 557 0.04 117 666 0.02 359 783 0 264 1142;
0.79 15 0 0.37 365 15 0.16 172 380 0.09 228 552 0.05 391 780 0.03 161 1171 0 151 1332;
0.83 20 0 0.48 393 20 0.25 78 413 0.08 230 491 0.03 342 721 0 243 1063;
0.73 31 0 0.23 166 31 0.1 253 197 0.05 365 450 0.02 151 815 0.01 340 966 0 194 1306;
0.81 35 0 0.31 182 35 0.12 290 217 0 265 507;
0.9 5 0 0.58 101 5 0.32 128 106 0.11 330 234 0 224 564;
0.89 16 0 0.56 132 16 0.26 236 148 0.17 325 384 0 249 709;
0.76 19 0 0.52 149 19 0.23 213 168 0.09 161 381 0 230 542;
0.76 38 0 0.44 102 38 0.29 395 140 0.14 340 535 0.07 82 875 0.04 148 957 0 226 1105;
0.77 31 0 0.39 274 31 0.16 252 305 0.1 212 557 0 116 769;
0.89 38 0 0.41 301 38 0.25 118 339 0.16 220 457 0.1 321 677 0 111 998;
0.84 36 0 0.36 211 36 0.15 242 247 0.09 391 489 0.05 197 880 0 290 1077;
0.77 12 0 0.49 226 12 0.15 108 238 0.09 287 346 0 272 633;
0.93 32 0 0.35 272 32 0.19 51 304 0.07 355 355 0 184 710;
0.93 23 0 0.44 264 23 0.15 68 287 0.11 298 355 0 240 653;
0.82 16 0 0.25 297 16 0.08 128 313 0 196 441;
0.73 14 0 0.24 386 14 0.14 79 400 0.05 150 479 0 150 629;
0.89 15 0 0.42 58 15 0.27 102 73 0 165 175;
0.85 25 0 0.39 335 25 0.23 344 360 0 206 704;
0.85 16 0 0.58 87 16 0.23 216 103 0.15 236 319 0.07 239 555 0 128 794;
0.93 20 0 0.36 350 20 0.15 400 370 0.08 205 770 0.04 253 975 0.02 121 1228 0 191 1349;
0.94 32 0 0.4 62 32 0.16 349 94 0.07 153 443 0 255 596;
1 5 0 0.51 367 5 0.27 81 372 0 175 453;
0.82 33 0 0.42 359 33 0.23 123 392 0.09 51 515 0.03 154 566 0.01 166 720 0 279 886;
0.73 25 0 0.27 61 25 0.11 256 86 0 213 342;
0.71 24 0 0.26 388 24 0.09 232 412 0.05 247 644 0.03 268 891 0.02 158 1159 0 295 1317;
0.74 20 0 0.28 395 20 0.1 50 415 0.04 397 465 0.02 365 862 0 155 1227;
0.9 32 0 0.45 279 32 0.26 222 311 0 188 533;
0.86 12 0 0.38 246 12 0.12 299 258 0.04 238 557 0.02 371 795 0 113 1166;
0.73 29 0 0.32 333 29 0.22 360 362 0.07 184 722 0.02 265 906 0 85 1171;
0.92 39 0 0.64 262 39 0.35 164 301 0.22 303 465 0.14 304 768 0 284 1072;
0.94 6 0 0.29 325 6 0.13 210 331 0.05 309 541 0.03 145 850 0.01 54 995 0 122 1049;
0.77 36 0 0.25 103 36 0.08 81 139 0.03 241 220 0.02 324 461 0 203 785;
0.96 10 0 0.55 354 10 0.18 295 364 0.07 134 659 0.03 355 793 0.02 350 1148 0 246 1498;
0.78 28 0 0.28 285 28 0.16 63 313 0.07 247 376 0.03 125 623 0.02 305 748 0 157 1053;
0.79 29 0 0.24 163 29 0.12 71 192 0.05 151 263 0.02 133 414 0 232 547;
0.86 7 0 0.5 382 7 0.17 199 389 0.07 110 588 0.03 246 698 0.02 148 944 0 229 1092;
0.84 11 0 0.3 309 11 0.11 396 320 0.07 390 716 0 240 1106;
0.96 31 0 0.4 229 31 0.27 132 260 0.14 188 392 0.1 280 580 0.06 291 860 0 203 1151;
0.9 8 0 0.43 263 8 0.21 393 271 0 91 664;
0.74 37 0 0.42 390 37 0.25 266 427 0.14 371 693 0.05 217 1064 0 87 1281;
0.91 21 0 0.39 330 21 0.2 216 351 0 235 567;
0.74 31 0 0.41 320 31 0.15 136 351 0.07 109 487 0.04 68 596 0 285 664;
0.88 37 0 0.41 220 37 0.13 224 257 0 288 481;
0.88 40 0 0.46 148 40 0.27 169 188 0.16 377 357 0 291 734;
0.99 25 0 0.44 88 25 0.21 244 113 0.15 118 357 0.07 200 475 0 99 675;
0.95 18 0 0.36 285 18 0.16 65 303 0 215 368;
0.72 27 0 0.33 158 27 0.14 148 185 0 230 333;
0.93 29 0 0.38 241 29 0.25 184 270 0 219 454;
0.75 31 0 0.49 87 31 0.19 301 118 0.07 236 419 0.03 79 655 0.01 291 734 0 194 1025;
0.71 7 0 0.29 223 7 0.19 166 230 0.06 82 396 0 104 478;
0.98 21 0 0.42 330 21 0.19 288 351 0 166 639;
0.78 31 0 0.53 158 31 0.18 174 189 0.11 323 363 0.04 155 686 0 169 841;
0.78 21 0 0.35 164 21 0.14 154 185 0.05 276 339 0 152 615;
0.95 15 0 0.32 87 15 0.21 342 102 0 298 444;
0.99 26 0 0.34 77 26 0.22 111 103 0.09 96 214 0.06 65 310 0.03 104 375 0 116 479;
0.81 5 0 0.46 55 5 0.28 372 60 0.09 156 432 0 152 588;
0.93 21 0 0.53 54 21 0.3 273 75 0.11 61 348 0 212 409;
0.87 17 0 0.59 297 17 0.2 356 314 0 193 670;
0.96 22 0 0.44 355 22 0.25 397 377 0.17 133 774 0 297 907;
0.77 33 0 0.39 341 33 0.26 201 374 0 191 575;
0.91 7 0 0.43 268 7 0.13 114 275 0.05 172 389 0.03 376 561 0.02 305 937 0 193 1242;
0.86 37 0 0.31 102 37 0.17 306 139 0.06 99 445 0 113 544;
0.81 9 0 0.45 237 9 0.21 395 246 0 96 641;
0.99 27 0 0.54 393 27 0.24 96 420 0 110 516;
0.87 30 0 0.38 165 30 0.18 239 195 0.12 88 434 0 162 522;
0.99 22 0 0.45 78 22 0.19 252 100 0.06 135 352 0.02 218 487 0 154 705;
0.95 9 0 0.41 275 9 0.18 305 284 0.08 389 589 0.05 271 978 0 139 1249;
0.91 27 0 0.59 172 27 0.22 174 199 0.14 148 373 0.06 161 521 0.02 187 682 0 208 869;
0.85 12 0 0.34 114 12 0.22 309 126 0.12 236 435 0.06 377 671 0.02 77 1048 0 107 1125;
0.98 39 0 0.57 394 39 0.24 70 433 0 91 503;
0.72 26 0 0.38 144 26 0.13 242 170 0.07 240 412 0 195 652;
0.91 37 0 0.43 182 37 0.24 128 219 0 273 347;
0.91 22 0 0.64 170 22 0.38 168 192 0.19 159 360 0 266 519;
0.95 19 0 0.45 123 19 0.25 84 142 0.08 398 226 0.05 289 624 0 277 913;
0.87 28 0 0.41 202 28 0.19 373 230 0 256 603;
0.99 18 0 0.58 102 18 0.23 213 120 0 188 333;
0.98 19 0 0.33 53 19 0.23 69 72 0 212 141;
0.98 30 0 0.58 161 30 0.32 308 191 0.13 224 499 0.06 50 723 0.02 221 773 0 184 994;
0.99 36 0 0.45 99 36 0.2 189 135 0.12 247 324 0 254 571;
0.98 10 0 0.44 277 10 0.15 173 287 0.07 174 460 0 296 634;
0.78 29 0 0.28 93 29 0.17 271 122 0.09 72 393 0.04 220 465 0 153 685;
0.73 31 0 0.37 285 31 0.23 65 316 0.15 118 381 0 167 499;
0.73 36 0 0.48 54 36 0.15 281 90 0.05 271 371 0.03 130 642 0.01 230 772 0 149 1002;
0.81 7 0 0.5 51 7 0.34 152 58 0.12 276 210 0.08 118 486 0 85 604;
0.76 18 0 0.33 321 18 0.21 287 339 0.1 68 626 0 261 694;
0.91 5 0 0.45 173 5 0.27 149 178 0.1 87 327 0.04 220 414 0 138 634;
0.91 6 0 0.3 281 6 0.11 83 287 0 131 370;
0.89 24 0 0.4 100 24 0.24 114 124 0 266 238;
0.78 8 0 0.34 111 8 0.2 247 119 0.11 278 366 0.06 315 644 0.03 192 959 0 276 1151;
0.74 27 0 0.23 74 27 0.15 245 101 0 137 346;
0.88 24 0 0.51 333 24 0.28 158 357 0.17 317 515 0.08 339 832 0.04 358 1171 0 216 1529;
0.79 21 0 0.24 93 21 0.12 253 114 0.07 389 367 0 268 756;
0.94 29 0 0.39 89 29 0.24 120 118 0 207 238;
0.74 28 0 0.49 345 28 0.27 331 373 0 205 704;
0.98 24 0 0.61 74 24 0.27 50 98 0.16 212 148 0 170 360;
0.93 35 0 0.33 318 35 0.15 103 353 0 117 456;
0.82 6 0 0.4 114 6 0.19 284 120 0.12 257 404 0.06 193 661 0.02 210 854 0 84 1064;
0.88 9 0 0.46 197 9 0.27 190 206 0.11 286 396 0.07 395 682 0 290 1077;
0.92 35 0 0.37 199 35 0.18 365 234 0.11 52 599 0 229 651;
1 37 0 0.63 209 37 0.26 394 246 0 164 640;
1 35 0 0.37 400 35 0.19 59 435 0 120 494;
0.96 35 0 0.66 60 35 0.28 172 95 0.15 201 267 0.07 280 468 0.02 217 748 0 156 965;
0.89 33 0 0.55 349 33 0.18 323 382 0.12 96 705 0 112 801;
0.92 11 0 0.28 235 11 0.13 365 246 0 202 611;
0.79 5 0 0.51 117 5 0.16 161 122 0 230 283;
0.81 18 0 0.54 392 18 0.32 200 410 0.15 101 610 0 235 711;
0.7 15 0 0.46 78 15 0.21 86 93 0.14 184 179 0 129 363;
0.96 34 0 0.66 207 34 0.28 73 241 0 224 314;
0.92 31 0 0.51 152 31 0.31 141 183 0.15 166 324 0 187 490;
0.76 14 0 0.38 318 14 0.22 369 332 0.11 71 701 0.06 209 772 0 218 981;
0.85 37 0 0.53 317 37 0.36 220 354 0 161 574;
0.78 12 0 0.3 117 12 0.2 134 129 0.08 100 263 0.05 183 363 0.02 388 546 0 257 934;
1 28 0 0.56 111 28 0.27 365 139 0.19 316 504 0.13 375 820 0 114 1195;
0.71 35 0 0.33 86 35 0.19 96 121 0.13 112 217 0 158 329;
0.86 30 0 0.52 209 30 0.32 138 239 0.14 90 377 0 93 467;
0.79 23 0 0.49 218 23 0.26 357 241 0.11 285 598 0.04 360 883 0 228 1243;
0.94 13 0 0.42 374 13 0.25 243 387 0 257 630;
0.98 27 0 0.32 360 27 0.13 385 387 0 239 772;
0.95 9 0 0.37 321 9 0.15 151 330 0 120 481;
0.88 19 0 0.45 218 19 0.3 387 237 0.14 118 624 0.06 179 742 0 228 921;
0.99 33 0 0.42 174 33 0.17 357 207 0 160 564;
0.99 18 0 0.47 245 18 0.19 369 263 0 288 632;
0.7 29 0 0.21 212 29 0.13 228 241 0.06 194 469 0.02 199 663 0.02 144 862 0 160 1006;
0.8 17 0 0.52 73 17 0.19 92 90 0.1 367 182 0.04 318 549 0.01 339 867 0 87 1206;
0.97 24 0 0.5 369 24 0.18 272 393 0.12 245 665 0 93 910;
0.89 13 0 0.42 262 13 0.13 373 275 0 277 648;
0.88 8 0 0.56 154 8 0.29 141 162 0.14 382 303 0.08 72 685 0 137 757;
0.75 11 0 0.23 204 11 0.09 332 215 0.04 265 547 0.02 108 812 0 149 920;
0.78 14 0 0.39 238 14 0.16 325 252 0.1 346 577 0.06 359 923 0.04 129 1282 0 143 1411;
0.79 21 0 0.36 144 21 0.21 122 165 0.11 335 287 0 140 622;
0.86 40 0 0.35 272 40 0.21 184 312 0.12 254 496 0 237 750;
0.92 6 0 0.58 320 6 0.19 394 326 0.12 267 720 0.05 121 987 0 211 1108;
0.75 30 0 0.49 174 30 0.28 239 204 0.1 102 443 0 134 545;
0.97 8 0 0.43 206 8 0.28 183 214 0.09 155 397 0.05 251 552 0 237 803;
0.81 25 0 0.31 212 25 0.16 217 237 0.08 94 454 0.05 105 548 0 180 653;
0.84 8 0 0.47 313 8 0.26 214 321 0.12 85 535 0.06 389 620 0 178 1009;
0.74 10 0 0.26 290 10 0.08 281 300 0.03 166 581 0.01 85 747 0.01 219 832 0 131 1051;
0.9 6 0 0.49 277 6 0.23 348 283 0.09 209 631 0 207 840;
0.75 8 0 0.49 315 8 0.15 217 323 0.09 75 540 0 169 615;
0.75 22 0 0.44 345 22 0.22 249 367 0.1 146 616 0.06 393 762 0.03 110 1155 0 291 1265;
0.73 5 0 0.44 311 5 0.14 103 316 0.04 225 419 0 109 644;
0.95 21 0 0.34 248 21 0.11 340 269 0.07 312 609 0 118 921;
0.88 10 0 0.55 376 10 0.25 308 386 0.12 260 694 0 120 954;
0.98 27 0 0.36 53 27 0.19 109 80 0 131 189;
0.86 35 0 0.43 385 35 0.27 222 420 0.09 209 642 0 81 851;
1 22 0 0.41 120 22 0.12 198 142 0.08 354 340 0.06 357 694 0.04 106 1051 0 163 1157;
0.96 30 0 0.67 118 30 0.28 338 148 0 139 486;
0.92 17 0 0.53 227 17 0.32 146 244 0.15 239 390 0 230 629;
0.93 28 0 0.64 350 28 0.39 96 378 0.18 236 474 0 160 710;
0.81 40 0 0.35 286 40 0.13 261 326 0.07 265 587 0.02 122 852 0.01 345 974 0 188 1319;
0.85 15 0 0.4 288 15 0.2 240 303 0.09 202 543 0.06 135 745 0.02 208 880 0 288 1088;
0.99 38 0 0.61 176 38 0.26 183 214 0.14 375 397 0.08 85 772 0 133 857;
0.97 25 0 0.68 170 25 0.45 146 195 0 118 341;
0.78 5 0 0.53 299 5 0.33 290 304 0.17 151 594 0.06 186 745 0.03 358 931 0 197 1289;
0.96 36 0 0.54 139 36 0.35 109 175 0.16 281 284 0 152 565;
0.8 30 0 0.26 150 30 0.18 310 180 0.1 215 490 0 84 705;
0.81 37 0 0.47 125 37 0.32 181 162 0 253 343;
0.84 6 0 0.49 250 6 0.32 190 256 0.12 66 446 0.05 385 512 0 226 897;
0.93 24 0 0.4 219 24 0.14 394 243 0.08 231 637 0.02 287 868 0 124 1155;
0.75 13 0 0.39 328 13 0.16 164 341 0.06 97 505 0.03 269 602 0.01 360 871 0 180 1231;
1 8 0 0.41 65 8 0.18 393 73 0 274 466;
0.89 33 0 0.44 255 33 0.22 190 288 0 118 478;
0.96 10 0 0.54 239 10 0.31 147 249 0.17 272 396 0 234 668;
0.97 22 0 0.34 95 22 0.13 319 117 0.07 66 436 0.04 362 502 0 241 864;
0.77 27 0 0.5 197 27 0.2 68 224 0 107 292;
0.81 15 0 0.3 190 15 0.12 94 205 0.07 128 299 0.03 329 427 0 99 756;
0.97 36 0 0.46 243 36 0.31 112 279 0 112 391;
0.98 14 0 0.42 370 14 0.18 335 384 0 220 719;
0.73 14 0 0.25 222 14 0.16 348 236 0.1 327 584 0 185 911;
0.75 33 0 0.49 337 33 0.19 166 370 0 242 536;
0.85 5 0 0.31 206 5 0.16 135 211 0 172 346;
0.92 12 0 0.28 195 12 0.19 75 207 0.07 398 282 0.03 317 680 0.01 132 997 0 251 1129;
0.93 30 0 0.42 183 30 0.27 375 213 0 219 588;
0.87 21 0 0.38 62 21 0.22 89 83 0.09 377 172 0.06 350 549 0 185 899;
0.82 31 0 0.45 399 31 0.14 136 430 0.08 388 566 0.06 228 954 0.02 161 1182 0 178 1343;
0.75 30 0 0.26 372 30 0.18 120 402 0.11 347 522 0 131 869;
0.75 23 0 0.35 70 23 0.24 182 93 0.08 109 275 0.03 295 384 0 137 679;
0.77 22 0 0.49 146 22 0.16 391 168 0.1 67 559 0.03 52 626 0 158 678;
0.96 21 0 0.52 90 21 0.3 336 111 0.16 105 447 0 133 552;
0.84 23 0 0.41 290 23 0.24 141 313 0.14 154 454 0 150 608;
0.79 32 0 0.49 226 32 0.23 257 258 0.14 365 515 0.06 389 880 0.04 98 1269 0 255 1367;
0.97 13 0 0.45 384 13 0.3 390 397 0.13 169 787 0 147 956;
0.76 13 0 0.42 348 13 0.13 226 361 0.06 386 587 0.04 147 973 0 86 1120;
0.7 31 0 0.29 185 31 0.2 297 216 0.09 278 513 0 202 791;
0.75 16 0 0.29 271 16 0.15 371 287 0.11 146 658 0.06 171 804 0.03 103 975 0 112 1078;
0.73 10 0 0.43 231 10 0.21 261 241 0.09 317 502 0.05 213 819 0.03 241 1032 0 216 1273;
0.77 25 0 0.32 212 25 0.12 146 237 0 151 383;
0.96 22 0 0.61 295 22 0.22 164 317 0.12 261 481 0 218 742;
0.94 19 0 0.33 189 19 0.2 205 208 0.12 384 413 0.08 190 797 0 218 987;
0.95 11 0 0.3 85 11 0.17 146 96 0 123 242;
0.79 14 0 0.32 368 14 0.2 364 382 0.06 245 746 0.03 207 991 0.01 354 1198 0 242 1552;
0.99 19 0 0.31 207 19 0.2 370 226 0 118 596;
0.85 21 0 0.38 93 21 0.22 127 114 0.12 64 241 0.08 198 305 0.03 256 503 0 280 759;
0.79 37 0 0.39 216 37 0.18 343 253 0.06 62 596 0.02 180 658 0.01 394 838 0 122 1232;
0.87 40 0 0.28 315 40 0.17 243 355 0.07 141 598 0.04 309 739 0 245 1048;
0.72 29 0 0.31 381 29 0.15 345 410 0.06 57 755 0.02 377 812 0.01 132 1189 0 215 1321;
0.99 23 0 0.5 56 23 0.24 392 79 0.11 100 471 0.05 75 571 0.03 314 646 0 185 960;
0.86 37 0 0.54 355 37 0.25 264 392 0 122 656;
0.86 16 0 0.54 239 16 0.37 204 255 0 287 459;
0.93 7 0 0.37 138 7 0.22 320 145 0 298 465;
0.73 6 0 0.36 176 6 0.24 345 182 0.1 149 527 0 113 676;
0.92 14 0 0.39 94 14 0.19 107 108 0.12 133 215 0.06 300 348 0.03 209 648 0 176 857;
0.75 26 0 0.31 386 26 0.18 355 412 0 157 767;
0.99 27 0 0.52 216 27 0.28 184 243 0.15 300 427 0.06 368 727 0.03 188 1095 0 174 1283;
0.97 6 0 0.48 179 6 0.16 108 185 0.08 179 293 0.05 65 472 0 263 537;
0.73 32 0 0.43 350 32 0.28 140 382 0.1 326 522 0.04 180 848 0 166 1028;
0.79 22 0 0.29 267 22 0.11 312 289 0.04 79 601 0 233 680;
0.76 8 0 0.5 177 8 0.27 123 185 0.17 181 308 0.06 361 489 0.03 106 850 0 241 956;
0.88 20 0 0.54 247 20 0.19 301 267 0.11 302 568 0 138 870;
0.73 40 0 0.25 232 40 0.12 68 272 0.05 370 340 0 206 710;
0.92 12 0 0.33 349 12 0.14 291 361 0.08 112 652 0.03 168 764 0.02 192 932 0 254 1124;
0.83 40 0 0.46 213 40 0.24 98 253 0.16 158 351 0 137 509;
0.98 24 0 0.45 288 24 0.24 118 312 0.16 304 430 0.05 400 734 0.02 163 1134 0 285 1297;
0.92 28 0 0.28 312 28 0.14 335 340 0.09 224 675 0.04 398 899 0.02 95 1297 0 248 1392;
0.79 24 0 0.54 138 24 0.22 342 162 0.07 87 504 0 145 591;
0.79 40 0 0.31 127 40 0.21 134 167 0 190 301;
0.81 21 0 0.35 253 21 0.22 385 274 0.15 61 659 0.07 141 720 0.03 315 861 0 115 1176;
0.95 40 0 0.51 392 40 0.25 150 432 0.12 132 582 0.07 93 714 0.03 165 807 0 208 972;
0.93 32 0 0.43 132 32 0.29 138 164 0 214 302;
0.85 19 0 0.56 306 19 0.21 164 325 0.08 252 489 0.05 53 741 0 284 794;
0.8 38 0 0.31 208 38 0.2 104 246 0.06 266 350 0.02 89 616 0 222 705;
0.74 18 0 0.38 83 18 0.22 138 101 0.07 391 239 0 131 630;
0.98 22 0 0.3 292 22 0.12 312 314 0.05 173 626 0.02 233 799 0 295 1032;
0.74 18 0 0.45 104 18 0.21 188 122 0.1 150 310 0.05 158 460 0.02 293 618 0 174 911;
0.89 33 0 0.37 76 33 0.17 235 109 0.11 163 344 0 120 507;
0.84 5 0 0.32 77 5 0.21 281 82 0.09 218 363 0 132 581;
0.87 13 0 0.31 174 13 0.2 145 187 0 264 332;
0.86 31 0 0.54 319 31 0.2 391 350 0 210 741;
0.86 37 0 0.41 211 37 0.16 87 248 0.1 277 335 0.04 360 612 0.01 116 972 0 281 1088;
0.76 26 0 0.49 292 26 0.2 279 318 0.14 295 597 0.06 122 892 0.03 80 1014 0 153 1094;
0.86 13 0 0.33 337 13 0.15 211 350 0 92 561;
0.77 40 0 0.45 394 40 0.31 315 434 0.12 248 749 0 101 997;
0.76 33 0 0.38 277 33 0.16 189 310 0.11 361 499 0 93 860;
0.91 17 0 0.6 283 17 0.37 75 300 0.15 267 375 0.05 131 642 0 276 773;
0.8 38 0 0.44 331 38 0.2 395 369 0 273 764;
0.93 10 0 0.38 204 10 0.12 182 214 0 195 396;
0.89 14 0 0.56 57 14 0.18 128 71 0.06 276 199 0.03 212 475 0.01 101 687 0 100 788;
0.79 26 0 0.42 179 26 0.22 157 205 0.11 145 362 0.05 221 507 0.02 97 728 0 210 825;
0.95 17 0 0.42 95 17 0.17 206 112 0 280 318;
0.79 7 0 0.28 61 7 0.15 120 68 0 238 188;
0.91 20 0 0.58 193 20 0.36 264 213 0.18 302 477 0.1 270 779 0 152 1049;