0.86 188 0 0.53 102 188 0 127 290 0.42 99 417;
0 150 0 0.57 100 150 0.8 198 250 1 139 448;
0.65 47 0 0 107 47 0 128 154 0.82 32 282;
0 97 0 1 48 97 1 149 145 0.48 199 294;
0 88 0 0.61 62 88 0.37 197 150 0.36 148 347;
0.32 151 0 0 170 151 0 155 321 0 182 476;
0 47 0 0 162 47 1 32 209 0.74 51 241;
1 31 0 1 159 31 1 190 190 0.87 85 380;
1 12 0 0 162 12 0 12 174 0.75 84 186;
1 161 0 0 79 161 0.96 51 240 0 24 291;
0 185 0 1 126 185 1 170 311 1 152 481;
0 100 0 1 128 100 0.45 184 228 0.67 116 412;
1 104 0 1 121 104 1 113 225 0 158 338;
1 176 0 0.36 193 176 0 167 369 0 164 536;
1 90 0 0 147 90 0 163 237 1 20 400;
1 171 0 1 183 171 1 150 354 1 109 504;
1 149 0 0 173 149 0 110 322 0 131 432;
0 77 0 1 167 77 0 200 244 1 177 444;
0.98 140 0 0 159 140 0 65 299 1 35 364;
1 157 0 0 188 157 1 110 345 1 72 455;
0.99 39 0 0 140 39 0 51 179 0.71 186 230;
1 103 0 0 199 103 0.49 101 302 0 152 403;
1 39 0 1 18 39 1 168 57 0.79 186 225;
1 175 0 0.55 186 175 0.37 161 361 0 22 522;
0.79 185 0 1 35 185 0.58 91 220 1 103 311;
1 133 0 0.75 68 133 0.76 169 201 0 116 370;
1 155 0 0.6 137 155 0.82 40 292 0.85 101 332;
1 22 0 1 38 22 0 196 60 1 128 256;
1 110 0 0 152 110 0.5 23 262 0.24 55 285;
0.63 32 0 0.99 44 32 0.83 29 76 0 98 105;
1 56 0 1 107 56 0.37 103 163 0 147 266;
1 116 0 0.66 178 116 0 87 294 0.65 141 381;
0.43 36 0 1 152 36 0 39 188 1 165 227;
0.74 121 0 1 154 121 0 144 275 0.32 32 419;
0 60 0 0 131 60 1 170 191 0 94 361;
0.94 178 0 0 20 178 0 172 198 1 157 370;
0.43 123 0 0.55 23 123 0 49 146 0 109 195;
0 141 0 0 132 141 0.73 152 273 0 15 425;
0 139 0 1 163 139 0 163 302 0.68 190 465;
0 169 0 1 40 169 1 95 209 1 40 304;
0.31 197 0 1 86 197 0.23 129 283 0.36 165 412;
0.32 168 0 0 129 168 0 187 297 0.82 63 484;
0.55 74 0 0.82 83 74 0.5 37 157 1 120 194;
0.92 97 0 0 170 97 0.28 38 267 0.63 68 305;
1 127 0 0.52 40 127 0 103 167 0 117 270;
1 135 0 0 97 135 0 172 232 0.79 30 404;
0 103 0 0 171 103 1 157 274 1 189 431;
0.49 39 0 0 78 39 1 20 117 0 178 137;
1 36 0 1 190 36 0.73 61 226 0 60 287;
1 132 0 0 97 132 1 141 229 0 146 370;
0.58 188 0 1 68 188 0.26 73 256 0.62 62 329;
1 28 0 0 140 28 0.48 175 168 0 44 343;
0.28 95 0 0 138 95 1 45 233 1 156 278;
1 135 0 0 160 135 1 187 295 0.29 41 482;
1 78 0 0 172 78 0.28 54 250 0.51 133 304;
0.66 37 0 0 70 37 0.28 132 107 0 96 239;
0 52 0 1 13 52 1 157 65 0.7 119 222;
0.68 26 0 0 116 26 0.36 130 142 0.7 146 272;
0 87 0 0.58 173 87 1 170 260 0.34 115 430;
0.5 56 0 0 13 56 1 70 69 0 171 139;
0 131 0 0 134 131 0.73 15 265 1 176 280;
0 153 0 0 42 153 1 161 195 0 146 356;
1 40 0 1 47 40 1 184 87 0 160 271;
1 141 0 0 32 141 0 97 173 0 73 270;
1 139 0 1 182 139 0 59 321 0 154 380;
1 113 0 0 64 113 0 154 177 0.6 194 331;
0 104 0 0.47 76 104 0.46 163 180 0 92 343;
0.87 196 0 0 54 196 0.49 12 250 0.33 65 262;
0.54 22 0 1 49 22 1 148 71 1 196 219;
0.76 65 0 1 67 65 1 51 132 0.83 145 183;
0.5 126 0 0.62 47 126 1 178 173 1 57 351;
1 176 0 0 12 176 0.83 127 188 0 179 315;
1 143 0 0 83 143 0.54 70 226 0 161 296;
1 75 0 0 119 75 0.35 17 194 1.0 175 211;
1 72 0 1 12 72 0 65 84 0.96 183 149;
1 31 0 1 130 31 0.96 28 161 0.36 99 189;
0.79 143 0 1 130 143 1 113 273 0.98 23 386;
0.31 95 0 0 92 95 0.41 36 187 1 60 223;
0.75 183 0 1 141 183 0 41 324 0.65 175 365;
1 101 0 0.27 150 101 0 29 251 0 159 280;
0 60 0 0 18 60 0.61 107 78 1 59 185;
0 181 0 0 163 181 0 32 344 0 109 376;
1 97 0 1 136 97 1 199 233 1 52 432;
0 189 0 0.71 125 189 0.78 49 314 0.56 16 363;
0.88 189 0 0 54 189 0.27 195 243 1 84 438;
0 102 0 0 136 102 0.47 27 238 0.48 131 265;
0.75 128 0 1 35 128 0 175 163 0.85 91 338;
1 152 0 1 99 152 1 91 251 0 58 342;
0.28 129 0 1 14 129 0 106 143 0.55 39 249;
1 105 0 0.77 101 105 1 145 206 0.41 68 351;
0.76 103 0 0 143 103 1 97 246 1 81 343;
0.62 83 0 0.65 160 83 0.29 16 243 0 44 259;
0 200 0 0.61 132 200 0.59 71 332 1 127 403;
0 52 0 0 103 52 0 100 155 0.68 44 255;
0 65 0 1 128 65 0 91 193 0 139 284;
0 177 0 0 11 177 0 60 188 0.83 166 248;
0.77 170 0 0 163 170 1 21 333 0 39 354;
0 24 0 0.63 180 24 0.32 65 204 1 12 269;
1 73 0 0.23 157 73 0 41 230 1 125 271;
0 112 0 1 191 112 0 134 303 0.85 69 437;
0.87 48 0 0.92 68 48 0.38 104 116 0.4 99 220;
1 129 0 0.34 30 129 1 191 159 0 104 350;
1 123 0 0 149 123 0 68 272 1 111 340;
0 140 0 1 75 140 0 177 215 1 196 392;
1 195 0 1 183 195 0.41 158 378 0.84 42 536;
1 13 0 1 184 13 1 107 197 0.75 145 304;
0 160 0 0 86 160 0 186 246 0.8 140 432;
0 57 0 0.93 90 57 0 26 147 0 147 173;
0 57 0 0.29 60 57 0.24 144 117 0 78 261;
0.32 74 0 1 80 74 0.59 113 154 0 146 267;
0.89 147 0 0 26 147 0.84 25 173 0 80 198;
1 60 0 0 151 60 1 10 211 1 48 221;
1 118 0 0.63 141 118 0.88 167 259 1 110 426;
0 188 0 0 23 188 0 152 211 0.37 159 363;
0 91 0 1 161 91 1 48 252 0.3 143 300;
0 190 0 0.87 75 190 1 84 265 1 44 349;
0 68 0 1 198 68 0 44 266 1 121 310;
0 63 0 0.47 170 63 1 105 233 1 191 338;
0.35 157 0 0 169 157 0 19 326 0.87 98 345;
0.63 81 0 0 95 81 0 39 176 0.83 61 215;
0.69 40 0 0 175 40 0 180 215 0.3 43 395;
0 127 0 0.51 170 127 1 144 297 0 112 441;
1 103 0 0 94 103 0.39 25 197 0 169 222;
0 98 0 0 96 98 0 28 194 0.56 179 222;
0 25 0 1 130 25 0 50 155 1 130 205;
0.5 134 0 1 23 134 0.82 197 157 0 88 354;
1 91 0 0.75 162 91 0 71 253 0.26 85 324;
1 97 0 0.23 192 97 0 169 289 0 123 458;
0 183 0 0 98 183 0 149 281 0.9 96 430;
1 166 0 0 147 166 0.81 155 313 0.86 107 468;
1 192 0 1 194 192 1 90 386 1 115 476;
1 64 0 1 155 64 0.79 146 219 0.36 120 365;
0.26 172 0 0 100 172 0 75 272 0 98 347;
0 178 0 0 28 178 1 120 206 1 136 326;
0 137 0 1 131 137 0.83 35 268 0.6 164 303;
1 114 0 0 129 114 0 90 243 0 98 333;
0 162 0 1 116 162 0 52 278 0.59 194 330;
1 67 0 1 81 67 1 35 148 0 102 183;
0.99 26 0 0.7 134 26 0 171 160 0.88 59 331;
0.32 12 0 1 41 12 0 196 53 0.67 136 249;
0 81 0 0 177 81 0 27 258 0 92 285;
0 23 0 0 67 23 0.47 15 90 0 172 105;
1 91 0 0 113 91 0 199 204 0 174 403;
0 124 0 0 89 124 0.98 198 213 0.23 190 411;
0.75 170 0 0.87 70 170 0.71 113 240 0.59 165 353;
1 62 0 0.59 73 62 0 116 135 0.56 13 251;
0.86 10 0 0.24 182 10 1 122 192 0 132 314;
1 180 0 0.89 149 180 0 199 329 0.73 116 528;
1 11 0 0.34 30 11 1 97 41 1 196 138;
0 80 0 1 106 80 0.97 195 186 0.43 81 381;
0.36 21 0 0.87 146 21 0 175 167 0 79 342;
0.71 129 0 1 161 129 0 141 290 0.55 84 431;
0.29 49 0 1 52 49 0 126 101 0.67 69 227;
0 11 0 0.36 10 11 0 191 21 1 184 212;
0.6 47 0 0.96 22 47 1 73 69 0.81 179 142;
1 33 0 1 25 33 0.64 142 58 0 55 200;
0.2 187 0 1 51 187 0.97 112 238 0 192 350;
1 44 0 1 41 44 1 34 85 0.48 34 119;
0.36 172 0 0 68 172 0 93 240 0 72 333;
0.53 179 0 0 124 179 0 198 303 1.0 156 501;
1 37 0 0 143 37 1 35 180 1 176 215;
0.86 126 0 0.56 43 126 1 106 169 0 167 275;
1 36 0 0 114 36 1 67 150 1 160 217;
0 17 0 0 92 17 1 117 109 0.67 185 226;
0.35 177 0 1 15 177 1 160 192 0.62 117 352;
1 193 0 0.69 95 193 0.76 70 288 1 135 358;
0 53 0 0.56 20 53 1 143 73 0.55 101 216;
0.35 142 0 0.7 175 142 0.92 12 317 1 186 329;
0.62 137 0 1 56 137 1 120 193 0.76 188 313;
1 180 0 1 61 180 0.76 176 241 1 90 417;
1 57 0 1 108 57 0.68 114 165 0.24 145 279;
0 130 0 1 69 130 1 199 199 1 107 398;
1 182 0 1 34 182 0 163 216 0 154 379;
0 109 0 1 196 109 0 161 305 1 109 466;
0.24 197 0 0 13 197 0 63 210 0.94 150 273;
1 183 0 0 71 183 1 177 254 1 133 431;
0.97 143 0 0 46 143 1 96 189 0 42 285;
0 123 0 0 111 123 0.57 41 234 0.69 121 275;
1 94 0 0.97 22 94 0 23 116 0 62 139;
0 56 0 0.98 147 56 1 80 203 1 176 283;
0 64 0 0 192 64 1 81 256 1 174 337;
1 143 0 1 152 143 0 111 295 0.48 161 406;
0 146 0 0.95 118 146 1 97 264 0.92 96 361;
0 197 0 0.28 125 197 0 11 322 1 200 333;
0.45 82 0 0 140 82 0 147 222 0 119 369;
0.9 46 0 1 49 46 1 82 95 0 116 177;
0 38 0 0 17 38 0 183 55 0.87 27 238;
0.68 172 0 1 172 172 1 35 344 1 167 379;
1 41 0 0 102 41 0 68 143 0 30 211;
1 183 0 0.42 65 183 0 75 248 1 135 323;
0.39 54 0 0.71 135 54 0 159 189 0 156 348;
0 100 0 0 129 100 0.41 174 229 1 102 403;
1 133 0 1 168 133 0.82 120 301 0 149 421;
1 42 0 1 78 42 0.44 185 120 0 82 305;
0 153 0 0.45 193 153 0 147 346 0.34 75 493;
0.38 16 0 0.78 109 16 0.93 99 125 0.83 180 224;
0 13 0 1 24 13 0.36 150 37 0 88 187;
0 64 0 0 12 64 0.85 36 76 0.27 124 112;
1 181 0 1 30 181 0.42 184 211 0 180 395;
0.99 185 0 1 34 185 0 18 219 0.6 65 237;
0 26 0 0 192 26 1 178 218 1 102 396;
1 138 0 1 45 138 0.45 192 183 0 11 375;
0.35 31 0 0 177 31 1 98 208 1 13 306;
0.99 198 0 0 86 198 1.0 199 284 1 90 483;
0 96 0 1 59 96 0.38 31 155 0.68 173 186;
0.97 15 0 0.51 52 15 0.88 145 67 1 72 212;
0 77 0 0 20 77 1 12 97 0.89 11 109;
0.76 121 0 1 159 121 0 137 280 0 56 417;
0 82 0 1 129 82 1 182 211 1 160 393;
0 173 0 0 96 173 0 93 269 0.33 196 362;
0 114 0 0.82 11 114 1 137 125 0.92 195 262;
0 52 0 0 136 52 0 31 188 0 141 219;
1 163 0 1 97 163 1 108 260 0.93 152 368;
0 135 0 0.42 40 135 0.43 33 175 0.38 72 208;
0.54 64 0 1 118 64 0.33 160 182 0 143 342;
0.41 45 0 0 27 45 1 97 72 0.83 26 169;
0.44 164 0 1 130 164 0 71 294 1 149 365;
0 41 0 1 72 41 1 99 113 0.47 111 212;
0 190 0 1 18 190 1 136 208 0 89 344;
0.35 61 0 1 19 61 0 178 80 0 193 258;
0 95 0 1 76 95 1 160 171 1 96 331;
1 45 0 0.81 197 45 1 191 242 1 67 433;
1 155 0 0 78 155 1 177 233 1 168 410;
1 59 0 0 39 59 0 11 98 0.99 74 109;
0.69 109 0 0 194 109 1 73 303 0 124 376;
1 99 0 0 116 99 0 119 215 0 150 334;
0.71 121 0 0.86 128 121 1 42 249 0 17 291;
0 183 0 0 69 183 0 33 252 0.51 170 285;
0 176 0 1 160 176 1 109 336 0 81 445;
0.75 191 0 0.23 32 191 0.59 88 223 0.89 180 311;
0.97 183 0 1 121 183 0 73 304 1 18 377;
1 159 0 1 94 159 1 72 253 0.67 136 325;
0 50 0 0.96 23 50 0.6 137 73 0.29 189 210;
0 199 0 0 10 199 1 171 209 0.38 153 380;
1 101 0 1 189 101 0.58 108 290 0 121 398;
0 31 0 0.77 71 31 0.72 33 102 0.33 182 135;
1 139 0 0 96 139 0.68 33 235 1 124 268;
0 148 0 0 36 148 0 173 184 0.63 57 357;
0 186 0 0 49 186 1 67 235 0 82 302;
0 116 0 0.93 132 116 0.79 135 248 0 100 383;
0.82 156 0 0 134 156 1 89 290 1 79 379;
1 43 0 0.45 82 43 1 10 125 0 41 135;
1 141 0 1 148 141 0.23 37 289 0.24 136 326;
0.78 29 0 1 125 29 0.64 144 154 0.94 193 298;
0.41 195 0 0 141 195 0.34 17 336 0 195 353;
0.31 193 0 1 38 193 0.63 18 231 0 170 249;
0 142 0 1 18 142 0 98 160 0.56 124 258;
1 154 0 1 70 154 0.76 84 224 0 33 308;
1 132 0 0.35 165 132 1 167 297 1 94 464;
0 172 0 1 99 172 0.62 125 271 1 61 396;
0 169 0 1 154 169 0 91 323 1 103 414;
0 57 0 0.37 18 57 0.24 158 75 1 82 233;
1 137 0 0.7 23 137 0 143 160 1 178 303;
1 157 0 0 93 157 0.41 192 250 0 70 442;
1 158 0 1 32 158 0 158 190 0.79 149 348;
1 103 0 0 18 103 0 178 121 0 104 299;
0.36 137 0 0 72 137 0 166 209 0 171 375;
1 47 0 0 124 47 0.59 154 171 0 56 325;
0.32 131 0 0.28 147 131 0.54 146 278 0 77 424;
0 31 0 0 200 31 1 189 231 0 184 420;
0.37 107 0 0.34 200 107 0 71 307 0.28 117 378;
1 187 0 1 187 187 0 166 374 0 94 540;
0.6 156 0 0.46 176 156 0 94 332 0 180 426;
0 193 0 1 115 193 1 200 308 0.31 72 508;
0.46 133 0 0.78 34 133 0 163 167 0 93 330;
0 110 0 1 48 110 0 114 158 0 128 272;
1 134 0 0 194 134 0 183 328 0 53 511;
1 20 0 0.25 160 20 1 18 180 0.38 85 198;
0 26 0 1 102 26 1 130 128 0 118 258;
0 51 0 1 141 51 0.61 51 192 0.97 182 243;
1 137 0 1 150 137 0 185 287 0.28 103 472;
1 195 0 0.37 121 195 0.63 151 316 0.94 45 467;
1 88 0 1 114 88 0 150 202 0 121 352;
1 80 0 1 127 80 0 46 207 0 159 253;
1 63 0 0.64 142 63 1 102 205 0 160 307;
0.57 115 0 1 175 115 0.27 64 290 1 17 354;
0 23 0 0.41 76 23 1 22 99 0 14 121;
0.94 47 0 1 13 47 1 133 60 0.34 10 193;
1 133 0 0.81 123 133 1 69 256 1 84 325;
0 62 0 0 101 62 1 94 163 0 38 257;
1 50 0 1 144 50 0.61 126 194 0 135 320;
1 101 0 0.93 73 101 0.65 194 174 0 25 368;
0.41 101 0 0 111 101 0.64 123 212 1 152 335;
0 57 0 1 83 57 1 114 140 0.95 67 254;
1 193 0 0.51 74 193 1 186 267 0.37 179 453;
0.53 43 0 1 188 43 1 51 231 1 183 282;
0.55 196 0 0.3 198 196 0.62 69 394 1 123 463;
0.61 21 0 1 171 21 1 178 192 0.91 139 370;
0 171 0 0.46 29 171 0 17 200 0 132 217;
0 110 0 0.75 51 110 0 183 161 1 197 344;
1 133 0 0 30 133 0 102 163 0 162 265;
1 49 0 0.9 189 49 1 89 238 0.83 102 327;
0 111 0 0.68 160 111 0.76 171 271 0.7 10 442;
0.5 26 0 1 22 26 0.34 183 48 1 50 231;
0.3 188 0 1 172 188 0.38 123 360 1 145 483;
0 16 0 0 73 16 1 179 89 1 190 268;
0 37 0 0 46 37 0.24 26 83 0 127 109;
0 175 0 0 100 175 1 82 275 1 61 357;
1 151 0 1 39 151 0.95 58 190 1 174 248;
0.68 81 0 0 22 81 1 41 103 0.63 116 144;
0.61 48 0 1 49 48 0.68 34 97 0 68 131;
1 34 0 0.54 72 34 0 101 106 1 97 207;
1 23 0 0.25 24 23 0.34 23 47 0 47 70;
0 27 0 1 126 27 0 17 153 0 84 170;
1 45 0 0.39 75 45 0 170 120 0.64 80 290;
0.49 133 0 1 185 133 0.45 188 318 1 97 506;
0.78 195 0 0.79 113 195 1 168 308 0 65 476;
0.91 32 0 0 193 32 0.41 54 225 0.77 157 279;
1 185 0 1 35 185 1 82 220 0.52 196 302;
0 169 0 1 95 169 0.64 43 264 0 113 307;
0.43 119 0 0 37 119 1 123 156 1 126 279;
1 101 0 0 100 101 0.63 53 201 0.98 82 254;
0 62 0 0 93 62 1 96 155 1 38 251;
0 194 0 0.22 141 194 1 158 335 0 26 493;
0.25 177 0 1 83 177 0.61 69 260 0.99 59 329;
0.62 155 0 0.76 82 155 0 159 237 1 164 396;
0 50 0 1 91 50 0.72 118 141 0.36 64 259;
1 171 0 0.52 113 171 0 125 284 0.65 100 409;
1 134 0 0 95 134 1 117 229 0.54 59 346;
1 124 0 1 115 124 0 109 239 0 147 348;
1 57 0 1 186 57 1 174 243 1 48 417;
0.84 65 0 0 185 65 0 21 250 0.9 88 271;
1 192 0 0 153 192 1 23 345 0.9 123 368;
0.34 76 0 1 77 76 0 160 153 0.93 143 313;
1 49 0 0 163 49 0.34 153 212 1 56 365;
1 36 0 0.46 145 36 1 173 181 0.46 199 354;
1.0 165 0 0 13 165 0 111 178 0.91 113 289;
0.69 99 0 1 136 99 0 14 235 0 72 249;
1 156 0 0.98 185 156 1 38 341 0.7 79 379;
0 63 0 0.32 61 63 0.82 104 124 1 131 228;
0.22 44 0 0 169 44 0.9 68 213 1 114 281;
1 66 0 0 71 66 0.79 181 137 1 144 318;
0.85 12 0 0 166 12 0.95 59 178 0 48 237;
1 149 0 0 77 149 0.97 40 226 0.79 186 266;
0 120 0 0 141 120 0 163 261 0 191 424;
1 167 0 1 90 167 1 199 257 1 10 456;
1 39 0 1 44 39 0 59 83 0 18 142;
0.4 161 0 0 94 161 0.27 187 255 0.84 158 442;
0 110 0 1 32 110 0 56 142 0.9 64 198;
1 133 0 0.91 37 133 0.56 64 170 1 87 234;
0.21 17 0 1 149 17 0 16 166 0.63 173 182;
1 22 0 0 139 22 0.72 93 161 0.45 159 254;
0 32 0 0.95 15 32 0.91 138 47 1 181 185;
1 35 0 1 88 35 0 189 123 1 85 312;
1 144 0 1 197 144 0 137 341 0.24 43 478;
0 138 0 0 66 138 0 151 204 1 13 355;
0 198 0 0 161 198 0 149 359 1 169 508;
0.54 159 0 0 173 159 0.67 108 332 0 56 440;
0.72 13 0 0.71 31 13 0 135 44 0 146 179;
0 48 0 0.88 191 48 0 64 239 0 65 303;
0 68 0 0.56 48 68 1 100 116 0 40 216;
0.81 75 0 0 189 75 0 157 264 0 51 421;
0.72 158 0 0 34 158 1 140 192 1 148 332;
0.96 83 0 1 24 83 0 200 107 0.4 16 307;
0 176 0 0 58 176 0 27 234 1 89 261;
0 67 0 0.54 29 67 1 152 96 1 186 248;
0 45 0 0 160 45 0 173 205 1 130 378;
1 93 0 1 107 93 0.97 92 200 0 60 292;
0 45 0 0 36 45 1 95 81 1 166 176;
1 170 0 1 73 170 0 14 243 0.55 134 257;
1 40 0 1 141 40 0.87 143 181 0 185 324;
0.7 12 0 0.33 47 12 0 186 59 0.92 137 245;
0.62 57 0 1 104 57 1 130 161 0.99 187 291;
1 95 0 0.98 179 95 1 31 274 0 44 305;
0.76 173 0 0 166 173 1 15 339 0 148 354;
0.4 186 0 1 62 186 0 174 248 0 123 422;
0.59 90 0 1 190 90 1 23 280 0.75 200 303;
0.78 29 0 0 167 29 1 132 196 1 171 328;
0.49 192 0 0 109 192 1 27 301 0 87 328;
0 50 0 0 45 50 0.86 153 95 1 28 248;
1 165 0 1 118 165 1 114 283 0.43 79 397;
0 132 0 1 174 132 1 60 306 0.24 181 366;
1 181 0 0 33 181 1 199 214 0 79 413;
0.56 188 0 0 101 188 0.55 187 289 0.8 104 476;
1 195 0 1 161 195 1 81 356 1 162 437;
1 181 0 1 74 181 1 59 255 1 75 314;
0 87 0 0.39 170 87 1 62 257 1 172 319;
1 78 0 0 51 78 1 49 129 0 105 178;
0 21 0 0 46 21 0.69 136 67 0 188 203;
0 91 0 0 185 91 0.97 101 276 0 101 377;
0 122 0 0.65 34 122 1 87 156 0.87 150 243;
1 154 0 0 124 154 0.99 144 278 0 46 422;
1 44 0 0.75 186 44 1 143 230 0.93 187 373;
1 159 0 1 79 159 0 35 238 0.97 85 273;
0.53 175 0 0 158 175 1 160 333 0.86 161 493;
0.22 98 0 0 27 98 0.94 128 125 0.96 126 253;
0 108 0 0 107 108 0 108 215 1 45 323;
0.82 177 0 0.82 86 177 0 185 263 1 172 448;
0.73 179 0 1 92 179 0.46 165 271 1 59 436;
0 153 0 0 25 153 1 47 178 0 189 225;
0.37 85 0 0.41 197 85 0.69 119 282 0.24 188 401;
1 149 0 1 29 149 0.63 68 178 1 161 246;
0.21 21 0 0.73 162 21 1 53 183 0.56 96 236;
0.57 166 0 0.56 91 166 0 107 257 1 144 364;
0 83 0 1 162 83 1 179 245 0 74 424;
1 119 0 1 170 119 1 68 289 0.39 116 357;
0.92 40 0 0.25 52 40 0 182 92 0.79 174 274;
0 120 0 0 153 120 1 153 273 1 98 426;
0.78 184 0 0.26 132 184 0 102 316 1 58 418;
0.95 72 0 0.56 113 72 0.92 199 185 0 52 384;
1 141 0 1 127 141 0.68 139 268 1 104 407;
0.46 108 0 0.78 15 108 0.77 168 123 0 46 291;
0 97 0 0 29 97 0.96 184 126 0.61 158 310;
0.44 158 0 1 68 158 0.97 58 226 0 161 284;
1 157 0 0.24 140 157 0.75 59 297 0.88 33 356;
1 52 0 0.32 44 52 0 103 96 0.44 55 199;
0 58 0 0 26 58 1 96 84 0 174 180;
1 169 0 0 72 169 0 97 241 0.5 35 338;
0.47 51 0 0 108 51 1 192 159 0 97 351;
0.9 85 0 1 175 85 0 33 260 1 130 293;
1 141 0 0.4 146 141 0 80 287 0 26 367;
1 104 0 0.93 58 104 0 96 162 0 197 258;
0 184 0 0.27 11 184 0.52 44 195 0 65 239;
0.81 71 0 0.33 97 71 0 34 168 0 105 202;
1 112 0 0 93 112 0.67 73 205 1 31 278;
0 63 0 0 36 63 1 35 99 1 121 134;
1 110 0 1 63 110 0 69 173 1 59 242;
0 175 0 1 64 175 0 17 239 1 157 256;
0.59 28 0 0.77 90 28 0 20 118 1 192 138;
0.7 43 0 0.57 89 43 1 138 132 1 60 270;
1 36 0 0.83 19 36 1 25 55 0.61 128 80;
0 90 0 0.96 80 90 0 56 170 0 171 226;
1 113 0 0 151 113 0.86 16 264 0 140 280;
0 122 0 0.76 125 122 0.85 78 247 0.21 78 325;
0 130 0 0.3 20 130 0.54 16 150 0.66 23 166;
0.65 76 0 0.37 138 76 0 164 214 1 113 378;
0.4 103 0 0 140 103 1 124 243 1 83 367;
1 144 0 0 66 144 0 140 210 0.21 84 350;
0 12 0 1 23 12 1 195 35 0 154 230;
1 102 0 1 83 102 1 183 185 0.38 143 368;
1 185 0 1 71 185 1 172 256 0 29 428;
0.27 91 0 0 174 91 0 78 265 0.27 181 343;
1 156 0 0.91 57 156 0.42 176 213 0 135 389;
1 180 0 0.65 11 180 0.72 11 191 0.7 61 202;
1 116 0 0.24 177 116 0 145 293 1 36 438;
1 53 0 1 67 53 0 108 120 0.29 95 228;
0 84 0 1 153 84 1 94 237 0.78 86 331;
0.5 192 0 0.22 34 192 1 197 226 0 49 423;
1 127 0 0 196 127 0 145 323 0 128 468;
0.43 59 0 0 80 59 0 65 139 1 70 204;
0 126 0 1 125 126 0.73 138 251 0.34 197 389;
0 17 0 0.59 137 17 0.63 106 154 1 96 260;
1 51 0 0.77 148 51 1 71 199 0 147 270;
0 56 0 1 70 56 1 198 126 1 164 324;
0 168 0 0.57 132 168 0 24 300 1 191 324;
0.32 95 0 1 156 95 0.98 24 251 0.28 19 275;
0 55 0 0.94 119 55 0.6 191 174 0 55 365;
0.48 68 0 0.5 42 68 0 69 110 0.91 118 179;
0.86 62 0 0 132 62 1 149 194 0 97 343;
1 113 0 0 26 113 0.92 135 139 0.88 141 274;
1 192 0 0.87 79 192 0 68 271 1 89 339;
1 197 0 0 68 197 1 37 265 0 111 302;
1 72 0 0 150 72 0 148 222 0 59 370;
1 97 0 0 143 97 0.45 164 240 1 48 404;
0 77 0 0.36 45 77 0.58 126 122 0 184 248;
1 63 0 0.3 170 63 0 56 233 0 163 289;
0 174 0 0 74 174 0 91 248 1 80 339;
1 97 0 0 197 97 0.34 142 294 0.81 117 436;
0 34 0 0 195 34 1 38 229 0.71 163 267;
0.84 57 0 0.34 188 57 0 196 245 0.52 133 441;
0.43 19 0 0.95 81 19 0.5 109 100 1 142 209;
0 106 0 1 173 106 0 15 279 0 163 294;
0 16 0 0.62 129 16 0 130 145 1 58 275;
0 135 0 1 108 135 0 48 243 0 179 291;
0.55 31 0 1 66 31 0.29 10 97 1 147 107;
1 59 0 0.28 33 59 1 172 92 0.29 63 264;
0.53 173 0 0 23 173 0.46 120 196 1 53 316;
0.51 191 0 1 30 191 0.31 38 221 0 177 259;
0.41 85 0 1 193 85 0.78 192 278 0 182 470;
1 96 0 0.9 128 96 0.76 137 224 1 42 361;
0 181 0 0.61 136 181 0 129 317 1 65 446;
0.95 148 0 1 192 148 0 57 340 0.76 156 397;
1 47 0 0.27 177 47 0.45 189 224 1 10 413;
1 21 0 1 140 21 0 192 161 0 91 353;
0 120 0 0 43 120 1 79 163 1 57 242;
1 37 0 0 79 37 1 110 116 0.66 78 226;
0 84 0 0.47 36 84 0.43 34 120 1 15 154;
0 124 0 0 174 124 1 34 298 1 67 332;
1 54 0 1 68 54 1.0 163 122 0.42 45 285;
0 128 0 1 22 128 1 187 150 0 53 337;
1 82 0 0 93 82 0 127 175 1 16 302;
0.99 32 0 0.49 117 32 1 99 149 1 176 248;
0 42 0 1 129 42 0 150 171 0.77 186 321;
0 183 0 1 96 183 1 43 279 0 118 322;
0 174 0 0 156 174 0 160 330 0 150 490;
0 48 0 0 92 48 1 117 140 0 57 257;
0 112 0 1 146 112 0 50 258 0 91 308;
0 131 0 0 102 131 0 22 233 0 130 255;
1 72 0 0.95 19 72 1 129 91 1 117 220;
0 83 0 0 16 83 0.81 61 99 0.4 114 160;
0 154 0 0.99 144 154 0 114 298 0 123 412;
0 131 0 0.98 181 131 1 163 312 0 122 475;
1 188 0 1 26 188 0 69 214 0.76 36 283;
0.83 71 0 0.49 13 71 1 21 84 1 118 105;
0.32 60 0 1 40 60 0.31 170 100 0 53 270;
1 192 0 0.32 71 192 0.99 68 263 0 170 331;
0.77 118 0 1 185 118 0 152 303 0.36 77 455;
1 104 0 1 100 104 0 125 204 0.41 27 329;
0.97 60 0 0.75 132 60 0.57 170 192 0.43 151 362;
0 60 0 0 162 60 0 102 222 0.56 69 324;
1 167 0 0 198 167 0 184 365 1 22 549;
0.73 190 0 0 158 190 0 117 348 1 167 465;
1 87 0 0 143 87 1 50 230 1 50 280;
0 22 0 0 119 22 0 19 141 0 121 160;
0 157 0 0 61 157 0.43 13 218 1 77 231;
0 107 0 1 127 107 0.4 20 234 0 74 254;
1 147 0 0.93 144 147 0.67 199 291 1 197 490;
1 115 0 0 102 115 0.67 130 217 0 32 347;
1 54 0 0 37 54 0.92 109 91 1 28 200;
0.95 39 0 1 121 39 0 40 160 0.45 183 200;
1 157 0 0.23 11 157 1 44 168 0 149 212;
0 196 0 0 194 196 1 92 390 0.91 165 482;
1 112 0 1 39 112 0.26 187 151 0 128 338;
0.63 21 0 1 163 21 1 129 184 0 24 313;
0.85 122 0 0.74 175 122 1 30 297 0.66 61 327;
0 66 0 1 189 66 0.48 112 255 1 143 367;
1 61 0 0 82 61 0 63 143 1 47 206;
0.24 28 0 1 145 28 0 132 173 0 42 305;
0.85 53 0 0 153 53 0.98 143 206 0.69 79 349;
0.27 91 0 0.66 87 91 0.34 178 178 0.44 61 356;
0 114 0 0.69 125 114 0.91 143 239 0 103 382;
0.84 180 0 1 132 180 0.76 125 312 0 164 437;
0 150 0 0.68 36 150 0.61 114 186 0.37 200 300;
1 77 0 0 146 77 1 83 223 1 158 306;
0.23 62 0 0.92 133 62 0.75 42 195 0 129 237;
1 16 0 1 117 16 1 150 133 1 20 283;
0 100 0 1 130 100 0.61 189 230 1 168 419;
0.7 112 0 0.67 61 112 0.3 169 173 1 55 342;
1 64 0 0 192 64 0 116 256 1 139 372;
1 55 0 0 150 55 1 149 205 0.92 64 354;
0.35 55 0 1 147 55 0 130 202 0.93 160 332;
0 186 0 0 83 186 0.84 107 269 0 88 376;
0.86 69 0 0.49 126 69 0.88 184 195 0.64 175 379;
0 11 0 0.22 11 11 1 181 22 1 158 203;
0 194 0 0 196 194 1 58 390 1 158 448;
0.64 14 0 1 166 14 1 139 180 0.74 36 319;
1 183 0 0 45 183 1 38 228 0.28 190 266;
1 161 0 0.33 65 161 0 20 226 0.63 50 246;
1 89 0 0.77 169 89 0.96 133 258 0 174 391;
1 76 0 0.58 164 76 0 154 240 0 120 394;
0.85 124 0 1 133 124 0 178 257 0 64 435;
0.82 187 0 0.41 16 187 1 143 203 0.45 54 346;
0.62 134 0 1 176 134 0 197 310 0 99 507;
0 101 0 0.97 31 101 1 97 132 0.58 89 229;
0.22 81 0 0.75 94 81 0.82 58 175 1 185 233;
0.38 106 0 0.65 18 106 1 11 124 0 102 135;
1 84 0 1 41 84 0 107 125 0.97 175 232;
0 40 0 1 55 40 1 119 95 0.55 70 214;
0 103 0 1 136 103 1 29 239 0.29 14 268;
0 135 0 0.79 117 135 0.39 176 252 0.79 91 428;
0 129 0 1 36 129 0.34 98 165 1 64 263;
0.34 105 0 0 143 105 0 191 248 0.51 141 439;
0 115 0 0 29 115 0 32 144 0 26 176;
1 133 0 0.29 81 133 1 11 214 0.96 173 225;
1 171 0 1 46 171 0.71 187 217 1 96 404;
0 115 0 0.2 149 115 1 46 264 0 196 310;
1 57 0 0.71 25 57 1 199 82 0.25 199 281;
1 105 0 0 115 105 0 26 220 0.58 148 246;
1 169 0 0 77 169 1 22 246 0.47 156 268;
0.87 99 0 0 161 99 1 15 260 0.84 182 275;
0.79 88 0 0.29 36 88 1 72 124 0.96 154 196;
0.49 36 0 1 136 36 0 140 172 1 59 312;
0.73 125 0 0.39 169 125 1 191 294 1 87 485;
1 182 0 0 55 182 1 98 237 0.5 29 335;
1 181 0 0.61 43 181 1 158 224 0 68 382;
0 93 0 0.94 80 93 0 104 173 0 13 277;
0.42 178 0 1 63 178 0 25 241 0.61 135 266;
0.77 171 0 1 185 171 0 189 356 0.65 34 545;
0.39 91 0 0 187 91 0 50 278 0 40 328;
0 60 0 0 166 60 0 56 226 0.22 23 282;
0.28 178 0 0 62 178 1 114 240 0 102 354;
0.53 153 0 0.41 57 153 1 104 210 0.55 92 314;
1 32 0 0 20 32 1 190 52 0.87 140 242;
0.45 74 0 1 101 74 0 192 175 0.24 192 367;
0.65 175 0 1 117 175 1 171 292 0.44 188 463;
0.26 74 0 1 140 74 0 109 214 0.38 197 323;
1 199 0 1 194 199 1 166 393 1 52 559;
0.65 63 0 0.88 104 63 1 197 167 0 200 364;
1 175 0 0 23 175 0 63 198 0.35 187 261;
1 22 0 0.9 24 22 0.96 173 46 1 175 219;
0.59 14 0 0 150 14 0 40 164 1 150 204;
0.8 71 0 0 168 71 0 129 239 0 33 368;
0 117 0 0.28 156 117 1 79 273 0.67 110 352;
0.94 71 0 0.53 57 71 0 51 128 1 116 179;
0.62 23 0 0 83 23 0.84 32 106 0.47 100 138;
1 78 0 1 102 78 1 72 180 0.62 153 252;
0 17 0 0.23 86 17 0 84 103 0.55 132 187;
1 53 0 1 66 53 0.6 84 119 0.57 140 203;
0 161 0 1 200 161 0 55 361 0 80 416;
0 11 0 0.39 61 11 1 63 72 0 35 135;
0.62 182 0 1 195 182 0.66 16 377 0 58 393;
0 97 0 0.38 191 97 0.82 42 288 1 93 330;
1 78 0 0.3 173 78 1 121 251 1 108 372;
0 166 0 0.36 142 166 1 70 308 1 66 378;
0.93 129 0 0.41 31 129 0 58 160 0.49 30 218;
0 44 0 1 116 44 0.24 26 160 0.59 115 186;
0 135 0 0.27 143 135 1 160 278 0.29 38 438;
1 18 0 0.21 17 18 0.52 172 35 1 135 207;
0.27 165 0 0.21 29 165 1 37 194 0 187 231;
0.24 86 0 0.83 11 86 0 177 97 0.34 198 274;
0.35 151 0 0 113 151 1 17 264 0.98 163 281;
0.69 126 0 1 145 126 1 72 271 1 193 343;
0 48 0 0 125 48 0 196 173 0 47 369;
0 72 0 1 58 72 0.93 101 130 0.9 114 231;
0.48 75 0 0.56 96 75 0 151 171 1 79 322;
1 170 0 1 96 170 1 91 266 0 86 357;
1 139 0 0.43 30 139 0 37 169 1 108 206;
1 67 0 0.94 41 67 0.42 11 108 1 182 119;
1 44 0 0 39 44 0.38 65 83 1 28 148;
0.54 175 0 0 13 175 1 144 188 0 40 332;
0 105 0 1 120 105 0 52 225 1 149 277;
0 45 0 1 88 45 1 129 133 1 186 262;
0 170 0 0.63 98 170 0.65 115 268 1 64 383;
0 159 0 0.72 37 159 0 55 196 1 121 251;
0 17 0 1 182 17 0 168 199 0 34 367;
1 133 0 0.51 198 133 0 36 331 1 154 367;
0 115 0 1 130 115 0 67 245 0.6 171 312;
0.49 27 0 0.5 82 27 0.3 47 109 0 33 156;
0 119 0 0.41 54 119 0.62 18 173 1 144 191;
0 109 0 0.44 19 109 0 197 128 0.77 169 325;
0 151 0 0.28 163 151 1 87 314 0.36 79 401;
1 101 0 0 73 101 0 37 174 0 197 211;
0.5 50 0 1 59 50 0 98 109 0.43 82 207;
0.8 179 0 1 136 179 1 138 315 0.48 156 453;
0.85 144 0 1 113 144 1 106 257 0 118 363;
1 13 0 0.98 130 13 0.24 161 143 1 41 304;
0 60 0 0 145 60 0.52 35 205 1 85 240;
1 42 0 0.95 136 42 0 68 178 0 62 246;
1 53 0 0.95 195 53 1 108 248 0.53 86 356;
0 177 0 1 81 177 0.83 142 258 0 70 400;
0 74 0 0.49 135 74 0.33 112 209 0 62 321;
0.56 193 0 1 90 193 0 173 283 1 162 456;
0 120 0 0.42 77 120 0 53 197 0.81 160 250;
1 81 0 1 95 81 1 121 176 0.88 106 297;
0.3 27 0 0.67 166 27 0.32 19 193 0.27 75 212;
0 118 0 1 118 118 0 44 236 0.9 155 280;
1 120 0 0 155 120 1 44 275 0 77 319;
0 138 0 1 126 138 0 184 264 0.8 134 448;
0.66 189 0 0.48 34 189 0 127 223 0.69 172 350;
1 74 0 1 184 74 0 155 258 1 64 413;
0.81 171 0 1 113 171 0.78 181 284 0 10 465;
1 76 0 0.51 49 76 1 36 125 1 170 161;
0 93 0 0 133 93 1 74 226 0.22 106 300;
1 57 0 1 105 57 1 181 162 0 146 343;
1 182 0 0.93 51 182 1 91 233 0 22 324;
0 16 0 0.44 162 16 1 123 178 1 83 301;
1 122 0 0.94 103 122 0 134 225 0 169 359;
0.33 46 0 0.72 132 46 0.33 68 178 1 94 246;
0 110 0 0.27 193 110 0.72 162 303 0 47 465;
0.53 182 0 0.28 70 182 1 197 252 1 116 449;
0 198 0 0 107 198 0 151 305 1 83 456;
1 52 0 0.71 88 52 0.5 50 140 0.5 23 190;
0.37 152 0 0.97 93 152 1 195 245 1 37 440;
0 11 0 0.87 124 11 0.3 83 135 1 79 218;
1 57 0 1 78 57 1 41 135 1 68 176;
0 59 0 0 175 59 1 21 234 0.59 156 255;
0 13 0 0 148 13 0.8 82 161 1 183 243;
1 17 0 0 152 17 0 16 169 0.92 69 185;
0 173 0 0 126 173 0.23 116 299 1 113 415;
0.53 95 0 0 55 95 0 48 150 0.93 84 198;
0 29 0 0.37 15 29 0.48 34 44 0 165 78;
0.51 122 0 0 83 122 0.49 158 205 0 37 363;
0 100 0 0.77 183 100 1 103 283 1 111 386;
1 182 0 1 91 182 0 59 273 1 65 332;
1 73 0 1 103 73 0 195 176 1 139 371;
1 71 0 0 191 71 0 174 262 1 170 436;
1 48 0 0 116 48 0.74 36 164 1 88 200;
0 170 0 0.86 119 170 0 39 289 0 95 328;
0 102 0 1 109 102 0.34 91 211 0.49 144 302;
1 12 0 1 22 12 0 72 34 0.43 51 106;
1 98 0 0.84 125 98 0 133 223 0 82 356;
0.43 156 0 0.69 116 156 0.75 20 272 1 94 292;
1 25 0 0.71 143 25 0.25 100 168 0.57 10 268;
1 149 0 1 142 149 1 14 291 0.23 162 305;
1 120 0 0 182 120 0 117 302 0.84 93 419;
0 129 0 1 192 129 0.91 86 321 0.27 65 407;
0.84 95 0 1 158 95 0 41 253 0 99 294;
0.42 75 0 0 62 75 1 175 137 0.29 111 312;
0.3 61 0 1 66 61 1 58 127 0.43 139 185;
1 74 0 1 12 74 0 96 86 1 98 182;
0 91 0 1 126 91 0 60 217 1 130 277;
0 75 0 1 135 75 1 125 210 1 115 335;
0.54 174 0 1 18 174 0.64 129 192 1 151 321;
0 93 0 0.57 135 93 0.78 164 228 0 57 392;
0.4 10 0 0 42 10 1 110 52 0.78 115 162;
0 103 0 0 34 103 1 14 137 0 200 151;
1 129 0 1 196 129 0.28 46 325 0.76 116 371;
0.9 97 0 0.23 77 97 0.69 146 174 1 135 320;
0 82 0 1 17 82 1 92 99 0.52 154 191;
0.86 37 0 0.37 125 37 0.76 67 162 0 71 229;
1 13 0 1 186 13 1 34 199 0 126 233;
0.37 146 0 0 190 146 0 77 336 0 15 413;
0 200 0 0.36 78 200 1 27 278 1 152 305;
0 173 0 1 173 173 0 93 346 0 78 439;
0 84 0 0.58 23 84 0 81 107 0 127 188;
0.67 99 0 0.61 105 99 0.52 185 204 0 130 389;
0.95 173 0 0.26 144 173 1 71 317 1 193 388;
0 90 0 1 168 90 1 125 258 0 64 383;
0 175 0 1 65 175 1 186 240 1 76 426;
1 191 0 0 79 191 1 90 270 0 119 360;
1 44 0 0 134 44 1 20 178 1 29 198;
1 145 0 0.68 169 145 0.25 168 314 0.56 29 482;
1 68 0 1 91 68 0.47 48 159 0.73 114 207;
0 109 0 0 181 109 0 79 290 0.6 19 369;
1 170 0 0 137 170 0 83 307 0.65 190 390;
0 62 0 0.77 12 62 1 112 74 0.6 55 186;
0.35 181 0 0 30 181 0 63 211 1 20 274;
1 171 0 0.4 134 171 0.96 55 305 0.26 142 360;
0 178 0 0.81 182 178 0 13 360 0.45 83 373;
1 197 0 0 184 197 0 191 381 0.75 61 572;
0 123 0 0.95 29 123 0 141 152 0 185 293;
0 159 0 0 90 159 0 57 249 0 172 306;
0.67 116 0 0.35 53 116 0 130 169 0.81 112 299;
0.99 32 0 1 33 32 1 106 65 0.78 52 171;
0 69 0 0.39 141 69 0 154 210 0.27 49 364;
0.54 109 0 1 38 109 0.56 196 147 1 69 343;
0.47 150 0 1 122 150 0.48 49 272 1 107 321;
0 166 0 0 26 166 0 55 192 0 194 247;
0 83 0 1 145 83 0 198 228 1 142 426;
0.42 67 0 0.4 140 67 0 116 207 0.26 69 323;
1 44 0 1 21 44 0 31 65 1 189 96;
0.58 183 0 0 127 183 0 21 310 1 127 331;
1 71 0 0.77 92 71 1 197 163 0.81 71 360;
1 161 0 1 17 161 0.2 146 178 0 10 324;
1 140 0 0 88 140 1 53 228 0.88 112 281;
0 58 0 1 191 58 0 101 249 0.6 50 350;
0.87 58 0 0.56 110 58 0.6 29 168 0 133 197;
1 183 0 0.41 152 183 1 175 335 1 120 510;
1 78 0 0 112 78 1 158 190 1 134 348;
0.51 142 0 0 196 142 0 141 338 1 146 479;
0 158 0 0.82 68 158 1 119 226 0 184 345;
1 168 0 0.99 158 168 1 104 326 1 153 430;
0.24 62 0 0.84 40 62 0.42 142 102 0 120 244;
0 117 0 1 52 117 1 178 169 0.96 37 347;
0.74 108 0 0.26 139 108 1 94 247 1 131 341;
1 186 0 1 21 186 1 40 207 0 74 247;
1 109 0 1 57 109 0 69 166 0 25 235;
1 35 0 0 110 35 1 90 145 1 81 235;
1 182 0 0.95 30 182 0.82 131 212 0 92 343;
0.4 121 0 0 48 121 1 35 169 0.68 183 204;
1 62 0 0.5 24 62 0 61 86 1 102 147;
1 193 0 1 106 193 0.32 37 299 0 106 336;
0.27 21 0 1 103 21 1 168 124 1 116 292;
0 50 0 0.65 167 50 0 29 217 0.45 130 246;
0 143 0 1 93 143 0.4 84 236 1 87 320;
0.89 124 0 0.72 115 124 1 30 239 0 134 269;
0.35 154 0 0 199 154 0 174 353 1 64 527;
0.91 200 0 0.52 51 200 1 47 251 1 98 298;
1 74 0 0 182 74 1 101 256 0 157 357;
0.52 182 0 0 196 182 0 32 378 0.28 134 410;
1 189 0 1 127 189 0 45 316 1 14 361;
0.24 90 0 0 37 90 0 122 127 0 190 249;
0.84 144 0 0 138 144 0 123 282 0 25 405;
0 70 0 0.94 14 70 0 128 84 1 115 212;
0 108 0 0 23 108 0 137 131 1 49 268;
0.61 112 0 0 45 112 0.98 143 157 0 18 300;
1 77 0 1 98 77 1 185 175 0.36 126 360;
1 194 0 0 99 194 0 48 293 1 56 341;
0.83 157 0 1 146 157 0 192 303 1 55 495;
0.31 130 0 1 81 130 1 161 211 0 200 372;
0 10 0 0 115 10 0 21 125 0.69 129 146;
0.82 139 0 0 138 139 1 106 277 0 42 383;
0 199 0 0 16 199 1 144 215 0 72 359;
0.87 109 0 0 123 109 0 50 232 1 196 282;
1 200 0 1 168 200 1 53 368 1 46 421;
0 120 0 0 129 120 0 96 249 1 32 345;
1 153 0 0 191 153 1 84 344 0 193 428;
0 100 0 0.79 59 100 0 68 159 1 197 227;
0.5 21 0 1 109 21 0.44 108 130 0 43 238;
1 87 0 0.83 93 87 0 184 180 0.9 161 364;
0.24 14 0 0 131 14 1 19 145 0 153 164;
0.3 154 0 1 34 154 0.55 16 188 1 126 204;
1 21 0 0.35 185 21 0 154 206 1 93 360;
0 185 0 0 175 185 1 168 360 1 147 528;
0.74 67 0 0.86 94 67 0.23 98 161 0.33 98 259;
1 14 0 0.26 142 14 0 165 156 0.45 149 321;
1 37 0 1 28 37 0 192 65 0 92 257;
0 119 0 0.77 165 119 0.25 185 284 0.48 173 469;
1 94 0 0 188 94 1 38 282 1 185 320;
0.59 95 0 1 56 95 0 78 151 0 186 229;
1 24 0 0 144 24 1 158 168 1 62 326;
1 14 0 0 67 14 0 180 81 0.88 13 261;
0.83 167 0 1 74 167 0.89 104 241 1 57 345;
1 99 0 0 89 99 1 195 188 0 11 383;
1 142 0 0 98 142 1 28 240 0 123 268;
1 181 0 0 18 181 1 58 199 1 197 257;
0 83 0 0.3 80 83 0 171 163 0.41 108 334;
0 19 0 0 54 19 0.38 27 73 0 69 100;
0 90 0 1 23 90 0.39 189 113 0 104 302;
1 194 0 1 62 194 1 38 256 0.99 175 294;
1 22 0 1 14 22 0.26 131 36 0.73 116 167;
0.7 57 0 1 69 57 0.78 176 126 0 42 302;
0 175 0 0 144 175 0 48 319 0 120 367;
1 68 0 1 36 68 0.45 11 104 1 52 115;
1 109 0 0 14 109 0 41 123 1 150 164;
1 178 0 0 18 178 0 133 196 0.69 77 329;
1 140 0 1 113 140 1 57 253 0 19 310;
1 107 0 1 58 107 1 134 165 1 138 299;
0.96 119 0 0 83 119 0 191 202 1 55 393;
1 14 0 1 192 14 1 164 206 0.82 197 370;
1 19 0 1 87 19 1 100 106 0.74 56 206;
0.92 170 0 0.44 71 170 1 11 241 1 47 252;
0.53 192 0 0.53 52 192 1 170 244 0 107 414;
0 177 0 0.71 101 177 1 15 278 1 23 293;
0.9 149 0 1 71 149 1 127 220 0.61 82 347;
0.5 62 0 0.64 188 62 0.46 184 250 0.21 147 434;
1 115 0 0 37 115 1 83 152 0 131 235;
1 29 0 0 103 29 0.23 162 132 0 76 294;
1 16 0 0.76 145 16 0.33 146 161 0.3 73 307;
0 54 0 0.35 61 54 1 161 115 1 14 276;
0 129 0 0.59 100 129 1 100 229 0.76 109 329;
0 164 0 1 127 164 1 50 291 0 20 341;
0.8 41 0 0.93 178 41 1 160 219 0.26 12 379;
0.25 103 0 0 133 103 0.28 168 236 0.58 124 404;
0 172 0 0 111 172 1 63 283 0 163 346;
0 133 0 0.49 195 133 1 102 328 0.91 200 430;
0 67 0 0 95 67 0.29 24 162 1 62 186;
1 161 0 0 181 161 0 92 342 1 69 434;
1 146 0 1 50 146 1 200 196 0.23 13 396;
0 179 0 0 137 179 0 94 316 0.99 176 410;
0 13 0 0.99 40 13 0.82 194 53 1 60 247;
0.28 141 0 1 147 141 0 76 288 1 182 364;
1 134 0 1 109 134 1 102 243 0 157 345;
0 47 0 0 77 47 0 98 124 0.84 37 222;
1 10 0 1 180 10 0.23 147 190 0 25 337;
0.48 159 0 0 123 159 1 169 282 0.53 15 451;
0 141 0 0.85 79 141 0.36 131 220 1 131 351;
0.32 163 0 1 144 163 0.8 144 307 1 109 451;
0 38 0 1 51 38 0 167 89 0 36 256;
0 180 0 0.59 94 180 0.54 121 274 0.51 102 395;
0 55 0 1 95 55 0.9 59 150 1 67 209;
0.64 98 0 0.7 59 98 0.31 120 157 1 29 277;
0 110 0 0.33 83 110 1 118 193 1 177 311;
1 96 0 0.56 65 96 1 93 161 0.32 199 254;
0.74 175 0 0 14 175 1 152 189 0.65 52 341;
1 66 0 0.41 38 66 0 76 104 1 89 180;
1 127 0 1 177 127 0.27 17 304 1 184 321;
0.68 70 0 0 37 70 0 86 107 0.6 138 193;
1 20 0 0.46 89 20 0 157 109 1 80 266;
1 27 0 0.73 145 27 0 149 172 1 101 321;
0.68 13 0 1 175 13 0.59 123 188 0.63 192 311;
1 66 0 1 171 66 0.69 187 237 0.82 93 424;
1 77 0 0 88 77 0.97 183 165 0.63 87 348;
0 115 0 1 109 115 0 149 224 0 138 373;
0 192 0 0 114 192 0 120 306 0.65 173 426;
0.91 91 0 0 147 91 1 185 238 1.0 174 423;
0 82 0 0 102 82 0.84 164 184 1 150 348;
0.48 105 0 0 104 105 1 112 209 0 21 321;
1 159 0 1 89 159 1 45 248 0 98 293;
1 198 0 0 150 198 0 155 348 0 184 503;
0.42 92 0 0 95 92 0.47 117 187 1 169 304;
0.92 146 0 0.51 144 146 0.32 176 290 1 27 466;
1 97 0 0.79 191 97 0.76 30 288 0 87 318;
0 166 0 0 197 166 1 62 363 0 33 425;
0 53 0 0 158 53 1.0 162 211 1 185 373;
1 38 0 1 11 38 0.61 195 49 0 105 244;
0 152 0 0.22 161 152 0.51 163 313 1 54 476;
0 162 0 0.48 42 162 0.85 197 204 1 139 401;
0 152 0 1 146 152 1 123 298 0 149 421;
0 26 0 0.89 92 26 1 174 118 0.3 79 292;
1 83 0 0 138 83 1 17 221 0.59 102 238;
0.62 60 0 0.93 152 60 1 26 212 0.24 50 238;
0.83 127 0 0.89 36 127 0.69 98 163 0.46 24 261;
1 44 0 0.26 101 44 0.36 72 145 1 169 217;
1 22 0 0 151 22 0 31 173 0 186 204;
0.36 145 0 0 141 145 0 108 286 0.91 140 394;
0.49 139 0 1 196 139 0 96 335 0 165 431;
0 179 0 0.36 103 179 0 196 282 0 178 478;
0 36 0 0 100 36 0.28 96 136 0 114 232;
0 191 0 1 80 191 1 66 271 0 194 337;
0 145 0 0 140 145 0.53 18 285 0.55 180 303;
1 159 0 1 60 159 0.55 151 219 0.24 163 370;
0 145 0 0.27 16 145 1 167 161 0 109 328;
0 156 0 1 104 156 0.95 95 260 1 58 355;
0 39 0 1 37 39 0.8 74 76 1 94 150;
0 126 0 0.46 36 126 0.67 95 162 0 62 257;
0.68 11 0 0.99 91 11 1 130 102 0.97 18 232;
0 193 0 0 27 193 0.7 97 220 1 109 317;
0 123 0 0 135 123 0.25 199 258 0.98 165 457;
0.92 83 0 1 196 83 0 141 279 1 30 420;
0.93 54 0 1 109 54 0.51 188 163 0.37 24 351;
1 164 0 0.68 77 164 1 103 241 1 147 344;
1 70 0 1 145 70 1 197 215 0 110 412;
0.78 60 0 0 113 60 1 20 173 0.84 113 193;
0.41 132 0 0 107 132 0 148 239 1 101 387;
0 49 0 1 152 49 1 15 201 0 159 216;
0.48 126 0 0.67 193 126 0.26 171 319 0.45 67 490;
1 58 0 0.88 22 58 1 182 80 0 119 262;
0 191 0 0.44 44 191 0.24 76 235 0 101 311;
1 138 0 0 112 138 0 160 250 0 57 410;
0 48 0 1 18 48 0 22 66 1 19 88;
1 59 0 0 135 59 0 21 194 0 64 215;
0.34 40 0 0.26 163 40 0.42 162 203 0.77 133 365;
1 182 0 0 13 182 0 120 195 0 143 315;
1 32 0 0 199 32 0.86 55 231 0.67 41 286;
0 33 0 0.26 98 33 1 110 131 0 173 241;
0 150 0 1 33 150 0 187 183 0 65 370;
0.37 179 0 0 138 179 0 37 317 0 114 354;
0.6 137 0 0 56 137 0 171 193 1 35 364;
1 86 0 0.67 121 86 0.41 14 207 0.38 138 221;
0 118 0 1 10 118 1 103 128 0.64 186 231;
0.83 21 0 1 86 21 0.75 15 107 0.31 122 122;
0.43 176 0 0.23 130 176 1 93 306 1 40 399;
0.63 95 0 0 58 95 0 46 153 0.62 164 199;
0 81 0 0 172 81 1 139 253 0.69 182 392;
0 154 0 0.46 138 154 0.77 38 292 0 125 330;
0 118 0 1 166 118 1 114 284 0.28 21 398;
1 107 0 0 168 107 0 43 275 0 80 318;
1 190 0 1 158 190 1 96 348 1 151 444;
0 22 0 1 29 22 1 30 51 0 161 81;
0.75 170 0 0 96 170 0.28 36 266 0.82 186 302;
0.76 176 0 1 157 176 1 111 333 1 127 444;
1 80 0 0 171 80 1 19 251 1 86 270;
0.84 59 0 1 36 59 0 84 95 1 182 179;
0.49 198 0 0 53 198 0 196 251 0 109 447;
0.25 104 0 1 121 104 0.69 94 225 1 37 319;
1 81 0 1 145 81 0.97 111 226 0.62 108 337;
0.89 128 0 1 133 128 0 54 261 0 74 315;
0.46 136 0 0 28 136 1 41 164 1 15 205;
0.93 80 0 1 24 80 0 78 104 1 200 182;
0 123 0 1 115 123 1 85 238 0 103 323;
0 37 0 1 102 37 1 16 139 0.83 48 155;
1 84 0 0 66 84 1 198 150 0.95 67 348;
0.66 134 0 0.56 140 134 0 146 274 0 35 420;
1 87 0 0.94 170 87 1 118 257 0 140 375;
1 164 0 0.81 67 164 0 18 231 0.47 65 249;
0 194 0 0 29 194 0 121 223 0 191 344;
0.67 86 0 1 45 86 1 83 131 1 180 214;
0 10 0 0.48 13 10 0.87 116 23 0 45 139;
0 194 0 1 194 194 0 96 388 0.33 117 484;
1 42 0 0 152 42 0.98 61 194 0 96 255;
1 149 0 0.89 152 149 0.5 126 301 1 11 427;
0.82 36 0 0.9 69 36 1 70 105 0.86 91 175;
0 141 0 0.97 52 141 0 173 193 0 22 366;
0.89 39 0 0.22 121 39 0.52 187 160 1 70 347;
1 149 0 0.49 170 149 1 184 319 1 10 503;
1 171 0 1 124 171 0.28 93 295 0.96 108 388;
0 97 0 1 37 97 0 177 134 0.7 89 311;
1 167 0 0 196 167 0 37 363 0.74 181 400;
0 120 0 0 134 120 1 101 254 1 58 355;
1 92 0 0.35 85 92 0.5 54 177 0 81 231;
1 35 0 0 82 35 1 149 117 0 119 266;
0.45 54 0 0.96 25 54 0 125 79 0.58 107 204;
1 173 0 0 97 173 0.48 165 270 1 178 435;
1 95 0 0 41 95 1 109 136 1 171 245;
1 13 0 1 24 13 0 199 37 1 126 236;
1 35 0 0 25 35 0 106 60 0.79 63 166;
1 145 0 1 127 145 0.7 132 272 0.97 136 404;
0.76 120 0 0 191 120 1 196 311 1 41 507;
0 108 0 0 143 108 1 115 251 1 103 366;
1 114 0 0.85 41 114 1 170 155 1 50 325;
0 94 0 1 179 94 1 149 273 1 117 422;
0.52 59 0 1 35 59 0 77 94 1 27 171;
0.26 100 0 1 127 100 1 118 227 0.79 92 345;
1 122 0 1 179 122 0 21 301 1 67 322;
0 84 0 0.78 91 84 0.82 182 175 0.45 186 357;
0.25 23 0 1 105 23 1 183 128 0.45 176 311;
0.42 101 0 0.28 161 101 0 79 262 0 171 341;
1 153 0 1 132 153 0 79 285 1 166 364;
1 145 0 0 163 145 0.81 125 308 1 190 433;
0 66 0 0 169 66 0.4 74 235 1 147 309;
0.59 16 0 1 167 16 0.43 105 183 0.66 66 288;
0.29 17 0 0.97 105 17 0 85 122 0.34 166 207;
0 98 0 1 13 98 0.61 187 111 0 197 298;
1 13 0 1 83 13 0.8 27 96 1 92 123;
0 104 0 1 130 104 0.75 155 234 0.62 179 389;
0.94 165 0 1 71 165 0 168 236 0.82 113 404;
0.53 94 0 1 27 94 1 113 121 0.51 92 234;
0.73 69 0 0 107 69 0.91 197 176 1 153 373;
0 99 0 0 85 99 0 141 184 0 104 325;
0 177 0 0 66 177 0.8 99 243 1 165 342;
0 119 0 0 21 119 0 14 140 1 63 154;
0.25 129 0 1 41 129 1 156 170 1 37 326;
1 67 0 0.53 103 67 1 158 170 0.42 87 328;
1 120 0 0 164 120 0.35 170 284 1 142 454;
0 123 0 0 172 123 1 53 295 0.86 140 348;
0 99 0 1 200 99 0 123 299 1 11 422;
1 14 0 0.21 139 14 1 92 153 0 74 245;
1 150 0 1 126 150 0 46 276 0.61 104 322;
0.25 108 0 1 177 108 0 79 285 1 114 364;
1 189 0 1 86 189 0.7 36 275 0.58 119 311;
0.23 180 0 1 75 180 0 53 255 1 75 308;
0 172 0 0.32 23 172 0 121 195 0.4 41 316;
1 106 0 0 195 106 1 198 301 1 38 499;
0.79 30 0 0 66 30 0.63 36 96 1 157 132;
0.35 22 0 0 131 22 1 163 153 0.87 195 316;
0 143 0 0 182 143 1 35 325 0 12 360;
0 180 0 0.96 53 180 0 61 233 1 104 294;
0.28 111 0 0 195 111 0 125 306 1 134 431;
0.8 139 0 0 160 139 0 64 299 0 102 363;
1 133 0 0.24 20 133 1 69 153 0.33 197 222;
0 76 0 1 98 76 0 82 174 1 34 256;
0 89 0 0 183 89 1 99 272 0 176 371;
0.74 96 0 1 19 96 0.29 79 115 1 105 194;
0.77 126 0 1 129 126 1 87 255 1 28 342;
1 192 0 1 26 192 1 62 218 0.31 108 280;
1 51 0 0.44 173 51 0.82 29 224 0 23 253;
1 96 0 0.41 117 96 1 26 213 0 42 239;
0.63 136 0 0 164 136 0 48 300 0.4 158 348;
0.98 155 0 0.84 23 155 1 79 178 0.43 161 257;