0 59 0 0.8 63 59 1 48 122 0.5 75 170;
0 28 0 1 65 28 1 70 93 0.5 66 163;
0 73 0 1 24 73 0.8 42 97 1 64 139;
0 48 0 0 55 48 1 73 103 1 29 176;
0 46 0 0 24 46 0.8 46 70 1 28 116;
0 30 0 1 61 30 1 67 91 0.2 61 158;
0 68 0 0 32 68 1 65 100 0.2 32 165;
0 50 0 0.2 69 50 0.8 27 119 1 27 146;
0 37 0 0.8 80 37 1 55 117 1 77 172;
0 43 0 0.5 37 43 1 75 80 0 39 155;
0 38 0 0.8 55 38 0 38 93 0.2 52 131;
0 40 0 1 35 40 1 61 75 0.5 22 136;
0 65 0 0.5 55 65 0.2 22 120 1 20 142;
0 40 0 0.5 46 40 0.8 45 86 0 32 131;
0 37 0 1 32 37 0 68 69 1 58 137;
0 44 0 1 39 44 0.2 26 83 1 40 109;
0 38 0 0.5 28 38 0.8 58 66 1 36 124;
0 56 0 0 55 56 0 77 111 0.5 74 188;
0 56 0 0.5 25 56 1 65 81 0.2 63 146;
0 49 0 1 23 49 0 75 72 0.2 20 147;
0 49 0 1 78 49 0.2 69 127 0 29 196;
0 34 0 0.2 63 34 0 70 97 1 69 167;
0 22 0 1 48 22 0 35 70 1 29 105;
0 56 0 0.5 39 56 1 36 95 0.5 61 131;
0 51 0 0.8 38 51 1 22 89 0.8 60 111;
0 59 0 0.5 49 59 1 33 108 0.8 75 141;
0 32 0 0.8 42 32 0 78 74 0.5 32 152;
0 32 0 0.2 60 32 1 78 92 0 59 170;
0 44 0 0 63 44 0.5 35 107 1 32 142;
0 39 0 0.2 75 39 1 78 114 0.2 50 192;
0 49 0 0.5 71 49 0.2 80 120 0.8 74 200;
0 58 0 0 31 58 0.5 67 89 0.2 59 156;
0 65 0 1 32 65 0.2 31 97 0.2 47 128;
0 67 0 0.8 71 67 1 72 138 1 67 210;
0 72 0 1 78 72 0.2 60 150 0.5 34 210;
0 41 0 1 54 41 0 26 95 0.8 63 121;
0 53 0 0 75 53 0.5 29 128 1 53 157;
0 46 0 1 37 46 0 27 83 1 37 110;
0 41 0 1 29 41 0.5 44 70 1 57 114;
0 59 0 0.5 43 59 0.2 35 102 0.5 29 137;
0 80 0 0.2 67 80 0.5 63 147 0 45 210;
0 47 0 0.2 54 47 0.8 66 101 0.2 30 167;
0 67 0 1 32 67 1 57 99 1 64 156;
0 26 0 1 62 26 1 39 88 1 46 127;
0 30 0 0.5 26 30 1 57 56 1 32 113;
0 34 0 0.2 53 34 0.5 44 87 0.5 21 131;
0 73 0 1 36 73 0.2 34 109 0.2 27 143;
0 73 0 1 67 73 1 73 140 1 39 213;
0 25 0 0.5 24 25 0 56 49 1 33 105;
0 58 0 0 56 58 1 23 114 0.8 78 137;
0 20 0 1 78 20 0.5 63 98 0.2 74 161;
0 79 0 0 29 79 0.8 20 108 0 41 128;
0 42 0 0.8 64 42 0 37 106 0.5 79 143;
0 58 0 1 69 58 0.5 44 127 1 69 171;
0 54 0 0 80 54 0 23 134 1 35 157;
0 62 0 1 39 62 0.8 79 101 0 77 180;
0 31 0 0.8 34 31 1 73 65 1 46 138;
0 69 0 0.5 76 69 0.2 61 145 0.2 51 206;
0 76 0 0.5 24 76 1 29 100 0.8 66 129;
0 27 0 0.5 21 27 1 34 48 1 36 82;
0 62 0 1 21 62 0.2 71 83 1 46 154;
0 73 0 0.5 27 73 1 71 100 0.8 38 171;
0 31 0 0.5 20 31 0.2 66 51 0.8 47 117;
0 50 0 1 63 50 0.5 35 113 1 23 148;
0 35 0 0.2 29 35 1 25 64 0.2 66 89;
0 38 0 1 53 38 1 66 91 0.2 61 157;
0 55 0 0.5 58 55 0.8 27 113 0.2 45 140;
0 77 0 1 64 77 1 20 141 1 39 161;
0 36 0 0.2 52 36 1 43 88 1 22 131;
0 55 0 0 48 55 0.5 80 103 1 63 183;
0 52 0 1 33 52 0 63 85 1 72 148;
0 78 0 0.2 80 78 0.8 72 158 0.2 31 230;
0 63 0 1 59 63 1 72 122 1 71 194;
0 40 0 0.8 23 40 0 20 63 0.5 56 83;
0 59 0 1 36 59 0.8 50 95 0.2 26 145;
0 79 0 1 59 79 0 25 138 0.8 31 163;
0 37 0 0.5 25 37 0.8 38 62 0 57 100;
0 53 0 0.8 22 53 0.8 23 75 0.2 34 98;
0 77 0 0.5 79 77 1 41 156 0.8 39 197;
0 73 0 0 78 73 0.8 58 151 1 78 209;
0 63 0 0 21 63 0.8 53 84 0 50 137;
0 72 0 0.8 76 72 1 29 148 1 75 177;
0 36 0 0.5 63 36 0.5 45 99 1 56 144;
0 70 0 1 79 70 1 35 149 0.2 30 184;
0 40 0 1 26 40 1 35 66 0.5 24 101;
0 25 0 0.8 68 25 1 44 93 1 62 137;
0 61 0 0.8 47 61 0.2 48 108 1 57 156;
0 48 0 0.5 61 48 0.2 46 109 0.2 26 155;
0 31 0 1 23 31 0.2 72 54 1 33 126;
0 42 0 0.5 45 42 1 72 87 1 36 159;
0 57 0 0.2 55 57 1 55 112 0 43 167;
0 36 0 0 20 36 0.8 69 56 1 45 125;
0 71 0 0.5 80 71 1 78 151 1 58 229;
0 79 0 0.8 56 79 0 79 135 0.8 46 214;
0 26 0 0 64 26 0.2 59 90 1 54 149;
0 35 0 1 71 35 1 54 106 1 29 160;
0 71 0 0 36 71 0.5 39 107 0.5 22 146;
0 72 0 1 50 72 0.8 25 122 0.2 34 147;
0 58 0 0 60 58 0.5 25 118 0.8 42 143;
0 56 0 1 26 56 0.8 57 82 1 44 139;
0 57 0 1 23 57 0.5 54 80 1 43 134;
0 31 0 0.8 40 31 0 51 71 1 80 122;
0 31 0 1 43 31 0.5 80 74 1 37 154;
0 64 0 1 33 64 0.5 21 97 0.5 68 118;
0 56 0 0.8 63 56 0.8 70 119 1 33 189;
0 70 0 0.2 70 70 0.5 20 140 1 69 160;
0 28 0 1 46 28 0.2 65 74 0.2 20 139;
0 63 0 0.8 77 63 1 43 140 0.2 46 183;
0 73 0 0.2 22 73 1 77 95 1 38 172;
0 67 0 0.2 64 67 0 30 131 0 54 161;
0 55 0 0.2 36 55 0.8 33 91 0 58 124;
0 38 0 0.5 50 38 0.8 78 88 0.2 52 166;
0 64 0 0.2 25 64 1 53 89 0 50 142;
0 79 0 0.2 50 79 1 68 129 1 60 197;
0 24 0 0.8 69 24 1 30 93 1 34 123;
0 50 0 0.8 78 50 1 37 128 0 78 165;
0 70 0 1 49 70 1 68 119 0 70 187;
0 55 0 1 42 55 0.5 42 97 1 67 139;
0 24 0 0 20 24 0 20 44 1 42 64;
0 54 0 0.5 33 54 0.2 40 87 0.5 58 127;
0 42 0 0.5 30 42 1 29 72 0 25 101;
0 72 0 1 75 72 1 50 147 0.2 76 197;
0 59 0 0.2 56 59 0.8 59 115 1 71 174;
0 69 0 1 65 69 1 38 134 0 67 172;
0 78 0 1 69 78 0.2 76 147 1 24 223;
0 41 0 0.2 54 41 0.2 22 95 0.8 41 117;
0 38 0 0.8 37 38 0.2 21 75 0 76 96;
0 39 0 0.2 60 39 1 43 99 0 44 142;
0 61 0 1 40 61 1 26 101 0.5 42 127;
0 25 0 1 70 25 0 38 95 0 62 133;
0 39 0 1 80 39 0.2 71 119 0.2 34 190;
0 47 0 1 65 47 0.2 68 112 1 27 180;
0 44 0 1 31 44 1 60 75 1 42 135;
0 32 0 0 36 32 0.2 80 68 0.2 71 148;
0 23 0 1 34 23 0.5 35 57 1 52 92;
0 57 0 0.8 64 57 0.8 57 121 1 50 178;
0 33 0 1 58 33 0.8 74 91 1 75 165;
0 44 0 1 77 44 0 79 121 1 27 200;
0 24 0 1 37 24 1 67 61 0 76 128;
0 79 0 1 52 79 0.2 58 131 0.2 60 189;
0 48 0 0.8 70 48 1 34 118 0.8 28 152;
0 48 0 0.2 76 48 1 68 124 1 36 192;
0 60 0 0.5 30 60 0 46 90 0 58 136;
0 76 0 0.2 76 76 0 23 152 1 44 175;
0 68 0 1 63 68 0 75 131 1 74 206;
0 41 0 0.8 67 41 1 57 108 0.5 72 165;
0 35 0 0.5 47 35 0 64 82 0.2 24 146;
0 40 0 1 39 40 0.5 56 79 1 35 135;
0 74 0 1 40 74 0.8 79 114 0 33 193;
0 74 0 0.5 20 74 1 32 94 0 25 126;
0 47 0 1 45 47 0 43 92 0.2 26 135;
0 50 0 0.2 39 50 0.8 70 89 1 49 159;
0 25 0 1 34 25 1 57 59 0 53 116;
0 56 0 0.2 73 56 0.5 31 129 0.2 38 160;
0 64 0 0 25 64 1 28 89 1 48 117;
0 52 0 1 59 52 1 49 111 0.2 35 160;
0 30 0 0.2 32 30 1 53 62 0.2 27 115;
0 70 0 1 39 70 0.8 61 109 0.8 61 170;
0 59 0 1 44 59 0.5 65 103 0.2 45 168;
0 52 0 1 50 52 0.5 38 102 1 62 140;
0 58 0 0.8 55 58 1 77 113 1 43 190;
0 57 0 0.5 63 57 1 28 120 0.8 42 148;
0 55 0 1 22 55 0.5 27 77 0.2 31 104;
0 55 0 0.8 54 55 1 54 109 1 62 163;
0 24 0 0 74 24 1 57 98 0.2 36 155;
0 76 0 0.5 40 76 1 34 116 0.5 59 150;
0 53 0 0 59 53 1 32 112 1 20 144;
0 74 0 0.5 59 74 0.2 22 133 0.2 74 155;
0 32 0 0.5 72 32 1 55 104 0 42 159;
0 20 0 0.2 46 20 0.8 50 66 0.2 59 116;
0 57 0 0.8 41 57 1 21 98 0.8 38 119;
0 53 0 0.2 37 53 0.5 62 90 0 40 152;
0 73 0 0.2 74 73 0.2 48 147 1 20 195;
0 42 0 1 69 42 0.5 71 111 1 59 182;
0 63 0 1 60 63 0.8 50 123 1 63 173;
0 42 0 0.8 63 42 1 75 105 1 43 180;
0 62 0 0.8 53 62 0.8 26 115 1 59 141;
0 64 0 0 75 64 0.5 49 139 1 70 188;
0 27 0 0.8 55 27 1 57 82 0.2 20 139;
0 56 0 1 72 56 1 60 128 0.2 28 188;
0 56 0 0.2 43 56 0 27 99 1 65 126;
0 74 0 0.5 71 74 1 80 145 0 54 225;
0 24 0 0.2 26 24 1 65 50 1 61 115;
0 30 0 0.5 23 30 1 31 53 0.8 20 84;
0 51 0 1 60 51 0.5 72 111 0.8 42 183;
0 70 0 0.2 33 70 0.5 68 103 1 40 171;
0 56 0 0.8 57 56 0 39 113 1 73 152;
0 22 0 0.5 23 22 0.2 69 45 0.5 49 114;
0 45 0 1 47 45 0.8 78 92 0 76 170;
0 44 0 1 46 44 1 37 90 1 57 127;
0 46 0 0.5 31 46 0 47 77 1 62 124;
0 48 0 0.8 67 48 0.5 72 115 1 68 187;
0 77 0 0 23 77 0.8 72 100 0.2 57 172;
0 26 0 0.2 67 26 1 33 93 0.5 58 126;
0 31 0 0.8 54 31 1 30 85 1 66 115;
0 59 0 1 34 59 0.2 27 93 0.2 55 120;
0 66 0 1 45 66 0.5 63 111 1 67 174;
0 49 0 1 42 49 0.5 45 91 1 43 136;
0 52 0 1 43 52 0.2 62 95 1 64 157;
0 57 0 1 31 57 0.8 78 88 0.5 37 166;
0 45 0 1 27 45 0.8 58 72 1 53 130;
0 56 0 0.2 56 56 0 77 112 0 73 189;
0 58 0 1 74 58 1 65 132 1 65 197;
0 73 0 0 64 73 1 40 137 1 63 177;
0 65 0 1 42 65 1 48 107 0.2 47 155;
0 73 0 1 67 73 0.8 33 140 1 22 173;
0 57 0 0.5 79 57 0.8 68 136 0.8 47 204;
0 59 0 0.2 63 59 0.2 68 122 0.2 34 190;
0 42 0 0.8 25 42 0.5 35 67 1 41 102;
0 23 0 0.8 35 23 0.2 55 58 1 28 113;
0 39 0 1 51 39 1 78 90 0.5 75 168;
0 72 0 0 62 72 1 47 134 0.8 57 181;
0 24 0 0.5 50 24 1 65 74 0.8 27 139;
0 24 0 1 26 24 0.2 78 50 1 52 128;
0 66 0 0.8 55 66 0.8 64 121 1 72 185;
0 76 0 0.5 25 76 0.2 73 101 1 43 174;
0 30 0 0.2 52 30 0.8 41 82 1 40 123;
0 80 0 0.8 46 80 1 69 126 1 61 195;
0 33 0 1 70 33 0 54 103 0.5 72 157;
0 76 0 1 56 76 0.2 30 132 0.8 48 162;
0 22 0 0.5 57 22 0.8 31 79 0.2 70 110;
0 43 0 0 47 43 0.5 50 90 0.2 43 140;
0 80 0 0 73 80 0.2 44 153 1 44 197;
0 55 0 1 66 55 1 43 121 0 37 164;
0 40 0 0.2 24 40 0.5 59 64 1 56 123;
0 65 0 0.5 20 65 1 80 85 0.5 45 165;
0 23 0 0.2 44 23 0 68 67 1 53 135;
0 57 0 0.2 54 57 0 64 111 1 68 175;
0 75 0 1 25 75 0.2 56 100 0.8 80 156;
0 24 0 0.5 22 24 1 49 46 0.5 41 95;
0 45 0 0.8 67 45 1 24 112 0 58 136;
0 79 0 1 53 79 1 48 132 0.2 33 180;
0 37 0 1 22 37 1 71 59 1 41 130;
0 22 0 1 58 22 0.5 35 80 0.8 62 115;
0 80 0 0 70 80 1 67 150 0.2 30 217;
0 21 0 1 38 21 1 63 59 1 35 122;
0 70 0 0 60 70 1 31 130 0 74 161;
0 71 0 0.5 44 71 1 28 115 1 76 143;
0 80 0 0.8 21 80 0 65 101 0 62 166;
0 77 0 1 72 77 1 21 149 0 60 170;
0 53 0 0 20 53 0 41 73 1 69 114;
0 49 0 0.2 33 49 0.5 41 82 1 45 123;
0 76 0 1 79 76 1 66 155 0.5 67 221;
0 25 0 0.2 65 25 0 25 90 0.8 58 115;
0 74 0 0.5 30 74 0.8 49 104 0 67 153;
0 78 0 1 40 78 1 69 118 0 40 187;
0 61 0 0.8 50 61 1 49 111 0 46 160;
0 22 0 0 44 22 1 66 66 1 39 132;
0 61 0 0.5 37 61 0 40 98 0.5 64 138;
0 65 0 0.5 24 65 0.8 27 89 1 32 116;
0 67 0 0.8 68 67 1 33 135 1 78 168;
0 33 0 0 75 33 0 74 108 0.8 20 182;
0 56 0 0.2 30 56 1 71 86 0.8 37 157;
0 63 0 0.8 59 63 1 42 122 0.2 61 164;
0 52 0 0 80 52 0.5 59 132 0 37 191;
0 50 0 1 72 50 0 27 122 0.5 78 149;
0 33 0 1 49 33 0.2 21 82 0.2 33 103;
0 22 0 0.2 34 22 1 46 56 1 80 102;
0 32 0 0 60 32 1 38 92 0.8 40 130;
0 71 0 0 58 71 1 35 129 1 66 164;
0 79 0 1 31 79 0.2 58 110 0 75 168;
0 55 0 1 20 55 1 29 75 0.5 68 104;
0 72 0 0 63 72 0 42 135 1 70 177;
0 73 0 0.5 69 73 1 68 142 0.5 64 210;
0 74 0 1 65 74 0 42 139 0.8 63 181;
0 67 0 1 71 67 0.5 74 138 1 70 212;
0 40 0 0 25 40 0.8 49 65 0 55 114;
0 51 0 0.2 26 51 0.2 64 77 0.2 20 141;
0 27 0 1 22 27 0.8 71 49 0.5 38 120;
0 72 0 1 40 72 0.8 69 112 1 33 181;
0 32 0 1 62 32 0.5 40 94 0.8 46 134;
0 24 0 0.2 35 24 0 79 59 0.8 27 138;
0 63 0 1 58 63 1 40 121 0.5 49 161;
0 39 0 1 36 39 1 61 75 0.2 37 136;
0 49 0 0.2 35 49 0.2 31 84 1 45 115;
0 74 0 0.2 48 74 0.8 40 122 0.2 22 162;
0 64 0 0.8 58 64 0.2 27 122 0.8 73 149;
0 47 0 0.5 38 47 0.5 41 85 0 72 126;
0 29 0 0.5 52 29 1 71 81 0 76 152;
0 28 0 0 80 28 1 56 108 1 64 164;
0 59 0 1 28 59 0.5 69 87 0.8 35 156;
0 59 0 1 24 59 0.2 55 83 0.8 57 138;
0 26 0 1 28 26 1 27 54 0 50 81;
0 28 0 0 31 28 1 54 59 0.5 54 113;
0 67 0 1 28 67 1 34 95 1 73 129;
0 67 0 1 47 67 1 22 114 0.5 42 136;
0 53 0 0 42 53 1 60 95 0.8 42 155;
0 57 0 0.8 68 57 0.2 26 125 1 50 151;
0 77 0 0.8 54 77 1 20 131 1 60 151;
0 67 0 1 29 67 0.8 57 96 1 45 153;
0 77 0 1 55 77 0 72 132 0.2 66 204;
0 61 0 0.2 68 61 1 21 129 0.5 35 150;
0 59 0 0.2 22 59 0.2 72 81 1 72 153;
0 42 0 0.2 66 42 1 38 108 0.5 74 146;
0 76 0 1 59 76 1 73 135 1 31 208;
0 62 0 1 27 62 0.2 35 89 1 71 124;
0 70 0 0.2 24 70 0.2 23 94 0.8 57 117;
0 76 0 0 35 76 0 33 111 0.5 33 144;
0 41 0 1 55 41 0.8 28 96 0.8 23 124;
0 68 0 0.2 39 68 0.5 77 107 0 41 184;
0 70 0 0.5 27 70 0.2 31 97 1 65 128;
0 33 0 0.2 22 33 1 43 55 1 67 98;
0 22 0 1 61 22 0.8 20 83 1 62 103;
0 25 0 1 61 25 0 37 86 1 21 123;
0 38 0 0.8 67 38 1 28 105 1 60 133;
0 57 0 0.2 71 57 0 65 128 0.2 69 193;
0 56 0 1 64 56 1 26 120 1 66 146;
0 41 0 0.8 59 41 0.2 72 100 0.5 31 172;
0 20 0 0.2 54 20 1 60 74 1 52 134;
0 40 0 0 35 40 0 39 75 0.8 21 114;
0 52 0 1 60 52 0.8 63 112 0.5 55 175;
0 47 0 1 51 47 1 40 98 0.2 39 138;
0 44 0 1 27 44 1 50 71 1 75 121;
0 66 0 0.2 67 66 0.5 52 133 0.5 56 185;
0 29 0 0.8 39 29 0 65 68 0.2 42 133;
0 35 0 0 25 35 1 68 60 1 60 128;
0 57 0 0 65 57 0.2 72 122 1 30 194;
0 24 0 0.2 78 24 0.2 60 102 1 44 162;
0 24 0 0.2 69 24 0.5 51 93 0.8 62 144;
0 35 0 1 56 35 1 61 91 0 59 152;
0 51 0 0 64 51 0.2 47 115 0.5 24 162;
0 37 0 0.5 44 37 1 37 81 0 51 118;
0 78 0 0 66 78 0 35 144 1 47 179;
0 47 0 0.2 33 47 1 64 80 0 31 144;
0 60 0 1 79 60 1 70 139 0.2 70 209;
0 51 0 0.5 54 51 1 38 105 1 60 143;
0 24 0 0.5 33 24 1 50 57 1 26 107;
0 56 0 1 67 56 1 54 123 1 31 177;
0 63 0 1 21 63 1 57 84 0 79 141;
0 78 0 1 40 78 0 20 118 0.2 53 138;
0 65 0 0.5 63 65 0.5 76 128 0 65 204;
0 27 0 0.2 43 27 1 52 70 0.5 54 122;
0 24 0 1 77 24 0 80 101 0.2 75 181;
0 78 0 1 73 78 0.5 32 151 0.5 33 183;
0 65 0 0.2 39 65 1 69 104 0.5 79 173;
0 43 0 0.8 33 43 0.5 40 76 1 36 116;
0 20 0 0.2 53 20 1 64 73 0.2 29 137;
0 74 0 1 54 74 0 74 128 0.8 38 202;
0 52 0 0 48 52 0.2 78 100 1 64 178;
0 65 0 0.5 53 65 0 75 118 1 64 193;
0 68 0 0.2 44 68 0.8 75 112 0 75 187;
0 75 0 1 67 75 0.8 40 142 0 57 182;
0 62 0 0.8 79 62 0.5 51 141 0.8 24 192;
0 25 0 1 58 25 0.5 39 83 1 43 122;
0 51 0 0 48 51 0.8 35 99 0.2 70 134;
0 36 0 1 26 36 0.2 30 62 0.8 57 92;
0 37 0 0.2 34 37 0.2 37 71 1 56 108;
0 69 0 0.8 53 69 1 79 122 0.8 27 201;
0 69 0 0.5 77 69 0.8 51 146 1 35 197;
0 29 0 0.8 49 29 0.8 40 78 0.5 20 118;
0 73 0 1 75 73 0.5 32 148 0.2 48 180;
0 40 0 1 23 40 1 49 63 1 32 112;
0 28 0 0 44 28 0.2 77 72 1 20 149;
0 38 0 1 23 38 0.8 42 61 1 42 103;
0 36 0 1 69 36 0.2 59 105 0.5 25 164;
0 66 0 0.5 34 66 0.8 60 100 1 49 160;
0 37 0 1 75 37 0.2 74 112 1 77 186;
0 23 0 0.5 30 23 0 72 53 0.5 63 125;
0 30 0 0 26 30 0.8 58 56 0.5 54 114;
0 26 0 1 44 26 0 41 70 1 50 111;
0 71 0 0.8 35 71 0 58 106 1 64 164;
0 29 0 0.8 20 29 1 56 49 0.5 59 105;
0 70 0 0.8 74 70 1 24 144 0.8 61 168;
0 69 0 0.8 39 69 0.5 74 108 0.5 60 182;
0 47 0 0.2 79 47 1 39 126 1 68 165;
0 75 0 1 23 75 0 21 98 0.8 20 119;
0 37 0 1 70 37 1 31 107 1 36 138;
0 62 0 0.2 66 62 1 79 128 0.5 75 207;
0 29 0 0 27 29 1 46 56 1 40 102;
0 75 0 0.5 24 75 1 29 99 1 67 128;
0 69 0 1 79 69 0.5 55 148 1 22 203;
0 33 0 0.8 48 33 0.8 65 81 1 71 146;
0 42 0 0 40 42 1 33 82 1 52 115;
0 67 0 1 32 67 0.5 53 99 1 68 152;
0 78 0 0.2 34 78 1 79 112 1 23 191;
0 23 0 1 77 23 0.2 30 100 1 23 130;
0 40 0 0.8 75 40 1 69 115 1 65 184;
0 38 0 1 46 38 1 80 84 1 57 164;
0 44 0 0.8 20 44 0.2 74 64 0.2 70 138;
0 32 0 1 64 32 0.8 24 96 1 66 120;
0 55 0 0 47 55 0 34 102 0 79 136;
0 56 0 0.5 57 56 1 66 113 1 65 179;
0 77 0 0.5 31 77 0.8 68 108 1 41 176;
0 56 0 0.2 69 56 0.5 30 125 0 70 155;
0 34 0 0.8 61 34 0.5 56 95 1 63 151;
0 63 0 0 23 63 1 66 86 1 26 152;
0 55 0 0.8 21 55 0.5 40 76 1 66 116;
0 23 0 0 31 23 0.8 28 54 0.2 71 82;
0 80 0 0 56 80 1 46 136 0 70 182;
0 28 0 0.5 70 28 0 21 98 0.5 75 119;
0 52 0 0.2 27 52 0.5 46 79 0 44 125;
0 43 0 1 75 43 0.2 62 118 0 32 180;
0 22 0 1 74 22 0.2 60 96 0 64 156;
0 31 0 0 39 31 1 49 70 1 44 119;
0 74 0 0.2 36 74 1 28 110 0.5 44 138;
0 54 0 1 65 54 1 60 119 0.5 56 179;
0 76 0 0.8 62 76 0 26 138 0.2 27 164;
0 70 0 1 22 70 0.5 42 92 1 57 134;
0 71 0 0.2 22 71 1 32 93 1 35 125;
0 23 0 0.5 53 23 1 34 76 1 38 110;
0 65 0 1 64 65 0.5 23 129 0.5 59 152;
0 40 0 1 21 40 1 58 61 0.2 53 119;
0 54 0 1 50 54 1 79 104 1 77 183;
0 25 0 0 30 25 1 78 55 0 79 133;
0 80 0 1 43 80 0.5 49 123 0 65 172;
0 44 0 0 44 44 1 52 88 0.8 36 140;
0 69 0 0.5 73 69 0.2 22 142 0.2 66 164;
0 57 0 1 58 57 0 47 115 1 40 162;
0 34 0 1 60 34 1 56 94 0.8 62 150;
0 45 0 1 42 45 1 65 87 1 40 152;
0 51 0 1 60 51 1 60 111 0.2 28 171;
0 42 0 0.8 80 42 0 66 122 0.2 28 188;
0 28 0 0 57 28 0.2 79 85 0.8 64 164;
0 70 0 0 31 70 0.5 38 101 1 68 139;
0 71 0 1 61 71 1 75 132 1 79 207;
0 63 0 0.8 71 63 0.2 63 134 1 64 197;
0 28 0 1 27 28 0.8 28 55 1 72 83;
0 34 0 0.2 63 34 1 21 97 0.8 25 118;
0 76 0 0 68 76 1 60 144 0.5 59 204;
0 62 0 0.8 49 62 1 27 111 0.5 79 138;
0 39 0 0.2 50 39 0 55 89 0.2 45 144;
0 48 0 0.2 50 48 1 73 98 1 79 171;
0 24 0 0.8 51 24 0 29 75 0.2 80 104;
0 52 0 0.8 54 52 1 77 106 0.2 57 183;
0 40 0 1 70 40 0.5 43 110 0 67 153;
0 71 0 0.5 35 71 1 27 106 1 75 133;
0 28 0 1 65 28 0 56 93 0 28 149;
0 41 0 1 30 41 1 61 71 1 70 132;
0 79 0 1 42 79 0 67 121 1 26 188;
0 31 0 0 76 31 0.8 39 107 1 80 146;
0 67 0 0 25 67 0.5 71 92 0.8 53 163;
0 36 0 0.2 75 36 0 29 111 0.2 53 140;
0 26 0 1 70 26 0.8 35 96 1 54 131;
0 70 0 0.5 78 70 1 32 148 1 71 180;
0 63 0 1 56 63 0.8 57 119 0.5 62 176;
0 45 0 1 42 45 1 37 87 0.5 30 124;
0 25 0 0 80 25 0.5 39 105 1 71 144;
0 32 0 1 43 32 0 57 75 1 59 132;
0 25 0 0 61 25 1 49 86 1 36 135;
0 28 0 1 48 28 1 50 76 0.5 64 126;
0 76 0 1 25 76 1 66 101 1 31 167;
0 72 0 1 65 72 0.2 74 137 1 51 211;
0 77 0 1 63 77 1 29 140 0.5 71 169;
0 21 0 1 70 21 0 46 91 1 36 137;
0 69 0 0.5 28 69 1 44 97 0.8 28 141;
0 69 0 0.8 55 69 0.8 59 124 1 50 183;
0 35 0 0.2 40 35 1 60 75 0.5 56 135;
0 76 0 1 52 76 0.5 31 128 1 43 159;
0 76 0 0.5 38 76 1 73 114 1 27 187;
0 67 0 0.2 34 67 0 35 101 1 40 136;
0 25 0 1 61 25 1 72 86 0.5 30 158;
0 52 0 1 36 52 0.8 53 88 0.5 30 141;
0 71 0 1 51 71 1 54 122 0.5 42 176;
0 38 0 0 70 38 0 53 108 0 79 161;
0 46 0 0 76 46 0.2 49 122 1 44 171;
0 57 0 0.8 80 57 0.2 62 137 1 47 199;
0 73 0 1 58 73 0.2 62 131 0.5 33 193;
0 40 0 0.8 39 40 0.5 34 79 0.2 62 113;
0 77 0 1 22 77 1 63 99 0.8 58 162;
0 51 0 0.5 69 51 1 41 120 1 75 161;
0 40 0 0 55 40 0.8 41 95 0.8 58 136;
0 32 0 0.2 67 32 1 60 99 0.8 66 159;
0 60 0 0.2 58 60 1 65 118 0 43 183;
0 62 0 1 59 62 0.5 36 121 1 23 157;
0 59 0 0.8 75 59 0.5 29 134 0.8 27 163;
0 43 0 1 57 43 1 49 100 1 74 149;
0 28 0 1 40 28 1 28 68 1 36 96;
0 24 0 1 56 24 0.5 58 80 1 25 138;
0 50 0 1 79 50 0.8 45 129 0.5 40 174;
0 21 0 1 66 21 0.8 68 87 0 48 155;
0 28 0 1 53 28 0.8 63 81 1 23 144;
0 57 0 1 22 57 0.5 71 79 1 75 150;
0 75 0 0.2 38 75 0 42 113 0.2 26 155;
0 72 0 0.2 65 72 1 73 137 1 29 210;
0 40 0 1 66 40 0.8 20 106 1 20 126;
0 54 0 1 57 54 0 77 111 1 26 188;
0 69 0 0 43 69 0.5 50 112 1 41 162;
0 64 0 0.2 47 64 1 38 111 1 57 149;
0 49 0 1 37 49 0 49 86 1 26 135;
0 44 0 0.2 69 44 0 59 113 0.5 74 172;
0 48 0 1 47 48 1 70 95 0 76 165;
0 67 0 0.2 22 67 1 51 89 1 63 140;
0 73 0 0 31 73 0.2 25 104 0.5 39 129;
0 32 0 1 40 32 0.8 23 72 1 32 95;
0 63 0 0 25 63 0.5 29 88 0.5 62 117;
0 57 0 1 77 57 0 51 134 0.5 20 185;
0 53 0 0.2 55 53 1 54 108 0.8 47 162;
0 50 0 0.8 61 50 1 71 111 1 29 182;
0 49 0 0.5 32 49 1 34 81 0.5 80 115;
0 37 0 1 41 37 0 32 78 0.5 75 110;
0 33 0 0.5 33 33 0 79 66 0.5 40 145;
0 35 0 0 62 35 0.2 22 97 0.5 35 119;
0 55 0 0 58 55 0.2 26 113 1 79 139;
0 42 0 0 46 42 1 36 88 1 29 124;
0 63 0 0 52 63 0 48 115 0.5 30 163;
0 78 0 0.2 59 78 0.5 46 137 1 44 183;
0 52 0 0.2 27 52 1 26 79 0 38 105;
0 72 0 0.8 41 72 0.5 28 113 1 53 141;
0 38 0 1 48 38 1 58 86 1 52 144;
0 39 0 0.2 69 39 1 37 108 0.8 75 145;
0 68 0 0.8 62 68 0.8 44 130 0 29 174;
0 31 0 0.2 45 31 1 70 76 0.8 27 146;
0 67 0 1 20 67 1 57 87 0.8 70 144;
0 22 0 1 30 22 0.5 21 52 0 36 73;
0 59 0 1 59 59 1 23 118 0 64 141;
0 41 0 1 49 41 1 26 90 0.2 27 116;
0 42 0 1 59 42 0 41 101 1 31 142;
0 60 0 0.8 26 60 1 28 86 1 58 114;
0 78 0 0.8 59 78 0 51 137 0 36 188;
0 73 0 0.8 70 73 0.5 78 143 0.8 69 221;
0 50 0 0.2 48 50 1 30 98 1 39 128;
0 41 0 1 70 41 0 39 111 1 75 150;
0 22 0 1 35 22 0 79 57 1 42 136;
0 46 0 0.8 36 46 1 28 82 0.5 53 110;
0 72 0 0.2 45 72 0.5 74 117 0.2 34 191;
0 45 0 1 60 45 1 79 105 0.8 22 184;
0 46 0 0.5 27 46 1 46 73 1 23 119;
0 30 0 1 33 30 1 76 63 0.5 50 139;
0 64 0 0.5 44 64 1 59 108 1 21 167;
0 53 0 1 35 53 1 63 88 1 56 151;
0 39 0 1 78 39 0.8 26 117 0.2 29 143;
0 78 0 1 78 78 1 67 156 0.2 33 223;
0 75 0 1 56 75 0.5 60 131 1 44 191;
0 53 0 0.8 64 53 1 36 117 0.5 72 153;
0 56 0 0.8 20 56 1 64 76 1 41 140;
0 53 0 0.8 41 53 1 36 94 1 51 130;
0 49 0 1 63 49 1 22 112 0.8 57 134;
0 65 0 0 76 65 1 65 141 0.2 74 206;
0 52 0 0 32 52 1 54 84 1 70 138;
0 27 0 0 56 27 1 79 83 0 79 162;
0 34 0 1 65 34 0 22 99 1 58 121;
0 26 0 0.5 33 26 1 73 59 1 54 132;
0 52 0 0.8 65 52 0.5 52 117 0.8 80 169;
0 57 0 1 52 57 0.2 51 109 1 35 160;
0 69 0 1 54 69 0 64 123 0.2 80 187;
0 57 0 0.8 60 57 0.8 21 117 0 24 138;
0 40 0 1 76 40 0.5 74 116 0.8 43 190;
0 43 0 0.5 77 43 1 49 120 0.2 28 169;
0 57 0 0 53 57 0.5 32 110 1 22 142;
0 59 0 1 55 59 1 80 114 1 59 194;
0 55 0 0 47 55 1 41 102 1 53 143;
0 64 0 1 65 64 1 67 129 1 78 196;
0 35 0 0 74 35 1 50 109 1 63 159;
0 32 0 0.5 76 32 1 47 108 1 33 155;
0 64 0 1 76 64 1 74 140 0 25 214;
0 40 0 0 73 40 0.2 20 113 0.8 51 133;
0 77 0 1 36 77 0.5 75 113 1 70 188;
0 48 0 1 36 48 0.5 47 84 1 60 131;
0 47 0 0.8 55 47 0.2 68 102 0.8 38 170;
0 31 0 1 77 31 0.8 24 108 0.5 42 132;
0 28 0 0.5 36 28 0.2 36 64 0 56 100;
0 27 0 1 57 27 1 73 84 0.2 42 157;
0 53 0 0 60 53 1 59 113 1 66 172;
0 55 0 1 47 55 1 33 102 0.8 50 135;
0 75 0 1 70 75 0.2 66 145 1 46 211;
0 45 0 1 67 45 0.2 47 112 1 37 159;
0 39 0 1 40 39 0.5 66 79 1 74 145;
0 66 0 1 34 66 0.2 28 100 1 36 128;
0 70 0 0.2 75 70 1 72 145 1 66 217;
0 80 0 1 67 80 0.2 67 147 0.5 49 214;
0 80 0 0.8 20 80 1 73 100 0.5 58 173;
0 66 0 0.2 23 66 0.2 70 89 0.5 32 159;
0 76 0 0.2 35 76 1 43 111 1 63 154;
0 58 0 1 22 58 1 38 80 1 53 118;
0 64 0 1 76 64 0 70 140 0.2 58 210;
0 59 0 0.8 23 59 0 47 82 0 61 129;
0 75 0 1 49 75 0.5 79 124 0 31 203;
0 33 0 0.8 58 33 0.5 78 91 1 38 169;
0 57 0 1 23 57 1 77 80 0.8 33 157;
0 37 0 1 61 37 1 27 98 0.2 62 125;
0 22 0 0.5 57 22 1 75 79 0.5 63 154;
0 32 0 0.8 36 32 0.8 27 68 0 31 95;
0 22 0 0.8 44 22 0.8 67 66 0.8 66 133;
0 50 0 0.5 46 50 0.5 79 96 1 70 175;
0 47 0 1 49 47 0 35 96 1 47 131;
0 80 0 1 31 80 1 46 111 0.2 21 157;
0 26 0 0.2 79 26 1 61 105 0.8 57 166;
0 55 0 1 56 55 1 25 111 0.2 23 136;
0 57 0 0.5 39 57 0.8 27 96 0.5 35 123;
0 77 0 1 26 77 0 36 103 1 46 139;
0 69 0 0.8 61 69 1 64 130 1 75 194;
0 80 0 0.8 78 80 0.2 25 158 0.8 22 183;
0 60 0 1 43 60 0.8 42 103 1 51 145;
0 53 0 0.5 61 53 0 24 114 1 56 138;
0 33 0 0 41 33 0.5 36 74 0.2 68 110;
0 68 0 0.8 64 68 1 34 132 0.8 79 166;
0 65 0 1 26 65 1 59 91 1 37 150;
0 67 0 1 79 67 1 37 146 0.8 53 183;
0 65 0 1 34 65 1 37 99 1 75 136;
0 36 0 0.8 32 36 1 42 68 0.5 70 110;
0 21 0 1 21 21 0.2 28 42 0.2 27 70;
0 78 0 0 69 78 1 68 147 0.5 78 215;
0 44 0 0.2 70 44 0 49 114 0.2 32 163;
0 31 0 1 72 31 0 34 103 1 60 137;
0 37 0 1 29 37 0.8 35 66 0.5 77 101;
0 27 0 0.2 73 27 1 37 100 1 40 137;
0 69 0 0.2 77 69 0 73 146 0 56 219;
0 40 0 0.8 72 40 0 80 112 1 74 192;
0 74 0 0.8 60 74 1 78 134 1 25 212;
0 63 0 1 38 63 0 52 101 0.5 60 153;
0 50 0 1 64 50 0.5 47 114 1 27 161;
0 55 0 0.2 62 55 0.5 70 117 0 61 187;
0 28 0 1 31 28 1 22 59 0.5 27 81;
0 56 0 0.8 60 56 1 54 116 0.8 64 170;
0 70 0 0.5 38 70 0.5 79 108 0 60 187;
0 33 0 1 57 33 0.5 63 90 0.2 53 153;
0 55 0 0.8 46 55 1 31 101 0.2 22 132;
0 36 0 1 33 36 1 78 69 0.8 46 147;
0 46 0 0 37 46 1 65 83 1 31 148;
0 40 0 1 78 40 1 28 118 1 36 146;
0 51 0 1 72 51 1 34 123 0 24 157;
0 55 0 0 31 55 0.2 72 86 0.5 45 158;
0 70 0 1 78 70 1 43 148 0.8 25 191;
0 71 0 0.5 51 71 0 59 122 0.8 67 181;
0 73 0 1 51 73 1 54 124 0.5 47 178;
0 55 0 1 38 55 0 78 93 0.2 61 171;
0 79 0 0 39 79 1 37 118 1 63 155;
0 55 0 1 61 55 0 63 116 0.2 35 179;
0 73 0 1 41 73 0.5 51 114 1 65 165;
0 52 0 1 45 52 0 51 97 1 49 148;
0 32 0 0.2 61 32 0.5 52 93 0.2 30 145;
0 76 0 0.8 47 76 1 31 123 1 69 154;
0 58 0 1 80 58 1 69 138 0.8 52 207;
0 36 0 1 26 36 1 65 62 1 51 127;
0 79 0 0.5 34 79 1 46 113 0.8 80 159;
0 33 0 0 67 33 0.8 79 100 1 59 179;
0 33 0 1 26 33 0.2 43 59 0.8 69 102;
0 64 0 0.2 80 64 0 52 144 0.2 37 196;
0 26 0 0.5 26 26 1 54 52 0.2 49 106;
0 65 0 1 43 65 0.5 69 108 0 38 177;
0 35 0 0 54 35 1 73 89 0 22 162;
0 50 0 1 39 50 0.2 69 89 1 26 158;
0 47 0 0.8 42 47 0.2 52 89 0 73 141;
0 67 0 0.5 27 67 1 35 94 0.2 33 129;
0 65 0 0.8 80 65 0.8 71 145 0.8 48 216;
0 59 0 1 40 59 1 23 99 1 79 122;
0 74 0 1 50 74 0 41 124 1 53 165;
0 72 0 0.8 26 72 0 59 98 1 67 157;
0 64 0 1 58 64 1 21 122 1 34 143;
0 22 0 1 36 22 0.5 63 58 1 80 121;
0 70 0 1 27 70 1 49 97 1 40 146;
0 25 0 1 48 25 1 68 73 1 50 141;
0 72 0 1 56 72 0.5 71 128 1 42 199;
0 58 0 1 76 58 1 69 134 0 31 203;
0 48 0 0.5 36 48 1 38 84 0 24 122;
0 57 0 1 67 57 1 65 124 0.5 39 189;
0 53 0 1 73 53 0 76 126 0.5 22 202;
0 71 0 1 71 71 0.2 33 142 0.8 56 175;
0 22 0 1 27 22 0.8 50 49 0.8 24 99;
0 74 0 1 74 74 0.5 51 148 1 25 199;
0 66 0 1 48 66 0.8 36 114 1 23 150;
0 24 0 0.5 42 24 0 80 66 0.2 67 146;
0 71 0 0 54 71 0 44 125 0.5 72 169;
0 29 0 1 20 29 0.8 57 49 1 65 106;
0 62 0 0.8 57 62 1 40 119 0.8 49 159;
0 57 0 1 37 57 0.8 56 94 1 65 150;
0 77 0 1 45 77 0 46 122 0.8 44 168;
0 50 0 1 34 50 1 27 84 1 40 111;
0 33 0 0.2 44 33 1 30 77 0.5 23 107;
0 31 0 0 49 31 0 75 80 1 38 155;
0 33 0 0.2 23 33 0.8 74 56 1 72 130;
0 39 0 0.2 44 39 0.2 35 83 0 70 118;
0 34 0 0.8 61 34 0.5 43 95 0.2 42 138;
0 29 0 0.8 59 29 0.5 39 88 1 42 127;
0 69 0 1 43 69 0.5 21 112 1 23 133;
0 33 0 0 43 33 0 60 76 1 59 136;
0 28 0 1 39 28 1 25 67 1 72 92;
0 26 0 1 74 26 0 20 100 0.8 65 120;
0 47 0 0 33 47 1 52 80 0.2 79 132;
0 42 0 1 69 42 1 55 111 0.2 28 166;
0 23 0 0.2 77 23 0.8 30 100 1 36 130;
0 26 0 0.5 36 26 1 50 62 1 73 112;
0 54 0 1 61 54 0.5 57 115 0.8 47 172;
0 74 0 0 71 74 1 51 145 0.5 73 196;
0 71 0 1 76 71 0.5 49 147 1 69 196;
0 36 0 0.2 40 36 1 55 76 0.8 33 131;
0 70 0 0.5 43 70 1 35 113 0.5 58 148;
0 21 0 0.5 58 21 0.2 23 79 0 42 102;
0 57 0 0.8 54 57 1 50 111 0.2 31 161;
0 26 0 0.2 26 26 0 67 52 1 43 119;
0 78 0 0 36 78 0 64 114 1 79 178;
0 67 0 0.5 36 67 0 39 103 1 52 142;
0 52 0 0.5 62 52 0.8 27 114 1 47 141;
0 70 0 0.5 39 70 1 20 109 1 52 129;
0 49 0 1 76 49 0.2 52 125 0.2 60 177;
0 73 0 0.5 56 73 0.2 65 129 1 38 194;
0 25 0 0.5 50 25 0.2 38 75 1 77 113;
0 73 0 0.5 63 73 0.5 21 136 1 76 157;
0 41 0 0.8 39 41 0.2 57 80 0.5 26 137;
0 77 0 1 26 77 0 45 103 0.2 23 148;
0 61 0 0 48 61 0.2 31 109 0 67 140;
0 29 0 1 51 29 1 69 80 1 77 149;
0 53 0 1 70 53 0.5 74 123 0 22 197;
0 73 0 0.8 75 73 0.8 56 148 1 67 204;
0 67 0 0.8 54 67 0.8 43 121 0.8 77 164;
0 40 0 0.8 39 40 0.5 69 79 0.2 23 148;
0 31 0 0.5 71 31 0.8 42 102 0 21 144;
0 51 0 0.8 54 51 0.5 49 105 1 65 154;
0 80 0 1 52 80 1 67 132 1 25 199;
0 32 0 1 51 32 1 75 83 0.8 54 158;
0 64 0 1 37 64 1 33 101 0.8 65 134;
0 63 0 0.8 53 63 1 24 116 1 24 140;
0 69 0 0.2 74 69 0 68 143 1 79 211;
0 64 0 1 51 64 1 32 115 0 65 147;
0 22 0 1 28 22 0.2 54 50 0.2 36 104;
0 25 0 0.2 56 25 0.8 45 81 1 33 126;
0 43 0 0.8 29 43 1 68 72 1 62 140;
0 50 0 1 25 50 0.5 75 75 1 43 150;
0 80 0 1 52 80 1 64 132 0.8 67 196;
0 39 0 0.8 80 39 1 71 119 0.5 75 190;
0 27 0 0.2 35 27 0.5 21 62 1 49 83;
0 38 0 0.2 28 38 0.2 21 66 1 48 87;
0 73 0 0.2 30 73 0.2 21 103 1 28 124;
0 44 0 1 55 44 0 60 99 0.8 59 159;
0 46 0 0 37 46 0.8 63 83 0.5 40 146;
0 70 0 1 73 70 1 49 143 0 53 192;
0 51 0 1 65 51 1 39 116 0.8 39 155;
0 71 0 0 24 71 0.8 33 95 1 72 128;
0 29 0 0 32 29 1 75 61 1 77 136;
0 24 0 0 71 24 0 25 95 0.5 25 120;
0 40 0 1 49 40 1 47 89 0.5 60 136;
0 46 0 0.2 20 46 0.8 37 66 1 57 103;
0 25 0 0 39 25 1 29 64 1 53 93;
0 40 0 0.5 28 40 0.5 78 68 0.8 26 146;
0 33 0 0 28 33 0.8 57 61 0.2 51 118;
0 24 0 1 49 24 0.2 63 73 0.2 48 136;
0 50 0 0.8 59 50 1 75 109 1 70 184;
0 21 0 0.2 60 21 1 71 81 0 38 152;
0 50 0 1 77 50 1 42 127 0.2 56 169;
0 80 0 0.5 75 80 0 35 155 0 72 190;
0 69 0 0 20 69 1 52 89 1 22 141;
0 45 0 0 20 45 0.8 75 65 1 80 140;
0 74 0 0.5 33 74 0.2 59 107 0.8 73 166;
0 65 0 0.5 27 65 0.5 44 92 0.5 35 136;
0 63 0 1 75 63 1 41 138 1 47 179;
0 26 0 0.5 71 26 1 77 97 1 42 174;
0 37 0 0 41 37 1 61 78 1 74 139;
0 48 0 0.5 21 48 0.5 20 69 0.5 54 89;
0 39 0 1 72 39 0.5 33 111 0 78 144;
0 58 0 0 66 58 1 37 124 1 33 161;
0 77 0 1 24 77 0.2 44 101 0.5 42 145;
0 40 0 0 44 40 0.8 62 84 1 52 146;
0 30 0 0 48 30 1 79 78 0.2 49 157;
0 66 0 1 35 66 1 52 101 0.2 67 153;
0 29 0 0.2 72 29 0.8 73 101 1 40 174;
0 52 0 1 64 52 1 53 116 0.5 41 169;
0 68 0 0.5 33 68 0 46 101 0 40 147;
0 47 0 0.2 32 47 1 35 79 0 24 114;
0 60 0 1 70 60 0.5 73 130 1 79 203;
0 35 0 0 63 35 0 47 98 0.2 66 145;
0 35 0 1 59 35 0 68 94 1 72 162;
0 59 0 0.2 72 59 0.8 54 131 0.5 35 185;
0 31 0 1 69 31 1 74 100 0.2 22 174;
0 53 0 0 35 53 1 61 88 1 71 149;
0 48 0 1 32 48 0.2 23 80 0.8 55 103;
0 77 0 1 32 77 0.8 60 109 1 24 169;
0 77 0 1 20 77 1 39 97 1 50 136;
0 76 0 0 54 76 1 74 130 1 36 204;
0 71 0 1 57 71 0.2 65 128 1 33 193;
0 54 0 0.8 79 54 0.5 63 133 0.2 33 196;
0 54 0 0.8 46 54 1 44 100 1 78 144;
0 77 0 0.2 32 77 0.2 63 109 0.8 32 172;
0 27 0 0.5 56 27 1 29 83 0.2 62 112;
0 55 0 1 36 55 0.5 23 91 0 58 114;
0 74 0 1 47 74 0 79 121 1 71 200;
0 43 0 0.8 38 43 0.2 50 81 1 70 131;
0 58 0 0.8 56 58 0 25 114 0 73 139;
0 34 0 1 37 34 1 53 71 0 78 124;
0 73 0 1 31 73 0.2 50 104 1 74 154;
0 36 0 1 29 36 1 59 65 1 63 124;
0 78 0 1 38 78 0.8 72 116 0.5 34 188;
0 34 0 0 35 34 0.5 22 69 1 74 91;
0 64 0 0 57 64 1 66 121 0 35 187;
0 22 0 0 34 22 1 55 56 1 59 111;
0 63 0 0.8 23 63 1 62 86 0.2 38 148;
0 70 0 1 55 70 0.8 37 125 0.8 41 162;
0 25 0 0.8 55 25 0.2 63 80 1 34 143;
0 31 0 1 56 31 1 41 87 1 44 128;
0 71 0 0.5 69 71 0.5 76 140 0 59 216;
0 26 0 0 65 26 1 69 91 0 53 160;
0 72 0 1 45 72 0.2 36 117 0.5 33 153;
0 64 0 1 24 64 1 42 88 0 24 130;
0 59 0 1 67 59 0.8 72 126 1 48 198;
0 45 0 1 49 45 0.8 74 94 0.8 52 168;
0 53 0 0 58 53 1 55 111 0.8 76 166;
0 41 0 1 45 41 0.8 76 86 0.5 51 162;
0 39 0 1 59 39 1 25 98 1 56 123;
0 46 0 0.2 56 46 1 55 102 0.2 39 157;
0 66 0 1 73 66 0.8 22 139 1 61 161;
0 71 0 0.5 21 71 0 74 92 1 37 166;
0 30 0 1 21 30 0.8 25 51 0.5 26 76;
0 66 0 0.8 37 66 1 23 103 1 45 126;
0 66 0 1 52 66 0.2 34 118 1 28 152;
0 26 0 1 56 26 0 22 82 1 64 104;
0 70 0 0.8 35 70 1 39 105 0.2 75 144;
0 51 0 1 65 51 0 43 116 0.8 68 159;
0 77 0 0 57 77 1 37 134 1 45 171;
0 75 0 0.5 76 75 1 74 151 0.5 24 225;
0 31 0 1 24 31 0.5 35 55 1 74 90;
0 48 0 0.2 32 48 1 64 80 1 57 144;
0 34 0 0.5 73 34 1 37 107 0.5 80 144;
0 66 0 1 30 66 1 72 96 1 73 168;
0 52 0 0.5 57 52 1 69 109 1 47 178;
0 35 0 0 45 35 0.2 64 80 0.5 33 144;
0 45 0 0 76 45 0.8 54 121 1 35 175;
0 54 0 0.8 60 54 0.5 69 114 1 50 183;
0 74 0 1 74 74 0.8 57 148 0.8 38 205;
0 33 0 1 25 33 0 29 58 0.5 37 87;
0 79 0 1 36 79 1 25 115 0.5 29 140;
0 36 0 1 56 36 1 35 92 1 21 127;
0 22 0 0.5 69 22 1 63 91 1 20 154;
0 39 0 1 75 39 0.8 55 114 0.8 64 169;
0 68 0 0.8 78 68 1 61 146 0.8 38 207;
0 77 0 0.8 53 77 1 20 130 0.8 32 150;
0 60 0 0.8 41 60 0.2 72 101 1 74 173;
0 79 0 0.5 44 79 0 47 123 1 79 170;
0 44 0 1 33 44 1 76 77 0.2 59 153;
0 74 0 0.8 55 74 0.5 59 129 0.5 49 188;
0 74 0 1 48 74 0.8 64 122 1 74 186;
0 70 0 0 39 70 1 79 109 1 79 188;
0 54 0 1 77 54 0.2 58 131 1 34 189;
0 27 0 1 43 27 1 67 70 1 42 137;
0 70 0 0.2 54 70 0 46 124 0.5 57 170;
0 37 0 0.2 54 37 1 46 91 0.5 37 137;
0 23 0 0.8 35 23 1 23 58 0.5 77 81;
0 42 0 1 29 42 0.5 52 71 1 58 123;
0 34 0 1 39 34 0.2 62 73 0 31 135;
0 65 0 0 43 65 0.5 34 108 0.8 79 142;
0 23 0 1 70 23 1 66 93 0.5 50 159;
0 55 0 0.5 58 55 1 43 113 1 73 156;
0 20 0 0.8 38 20 0.5 21 58 0.5 80 79;
0 21 0 0.5 59 21 0.5 23 80 0 22 103;
0 59 0 1 37 59 1 48 96 1 37 144;
0 61 0 0.2 42 61 1 45 103 0.8 71 148;
0 36 0 0.8 35 36 1 72 71 0.5 61 143;
0 57 0 1 69 57 0.8 80 126 1 63 206;
0 50 0 0 68 50 1 23 118 0.8 30 141;
0 62 0 1 22 62 0.5 29 84 0 70 113;
0 72 0 0.2 49 72 0.5 47 121 0.5 71 168;
0 46 0 0.2 61 46 0.8 46 107 0.8 46 153;
0 52 0 0.8 21 52 0.2 28 73 0.8 50 101;
0 77 0 0.2 24 77 1 36 101 1 69 137;
0 54 0 0.8 69 54 1 56 123 1 31 179;
0 53 0 1 22 53 1 64 75 0.8 70 139;
0 75 0 0.5 51 75 0 79 126 0 53 205;
0 64 0 1 77 64 0.5 34 141 1 38 175;
0 36 0 1 53 36 1 38 89 0.5 56 127;
0 42 0 1 28 42 1 42 70 0.5 71 112;
0 36 0 0 35 36 0 62 71 0.2 71 133;
0 72 0 0.5 68 72 0 50 140 1 60 190;
0 40 0 1 22 40 0.5 38 62 0.5 77 100;
0 39 0 1 76 39 0.8 80 115 1 56 195;
0 57 0 0 46 57 0.8 64 103 0 22 167;
0 35 0 0.2 51 35 0.8 50 86 1 31 136;
0 38 0 1 80 38 0 39 118 1 62 157;
0 58 0 1 41 58 1 80 99 1 25 179;
0 70 0 1 21 70 1 21 91 1 23 112;
0 26 0 0.5 69 26 1 40 95 0.2 75 135;
0 44 0 0.8 60 44 1 31 104 0.8 55 135;
0 45 0 1 41 45 0 25 86 0.2 36 111;
0 67 0 0 21 67 0 52 88 0.2 31 140;
0 76 0 1 53 76 0.2 63 129 1 35 192;
0 24 0 1 74 24 0.2 54 98 1 44 152;
0 28 0 0.2 49 28 0.8 28 77 0.5 74 105;
0 47 0 1 59 47 0.5 65 106 0.2 32 171;
0 52 0 1 21 52 0 28 73 1 38 101;
0 46 0 0.2 64 46 1 27 110 0 66 137;
0 68 0 1 31 68 1 61 99 1 55 160;
0 34 0 0 32 34 1 72 66 0.5 78 138;
0 71 0 1 58 71 1 34 129 0 36 163;
0 51 0 0 49 51 0.8 58 100 0 22 158;
0 43 0 0.2 42 43 1 38 85 1 42 123;
0 25 0 1 24 25 0.2 28 49 1 41 77;
0 62 0 1 28 62 0.8 36 90 0 22 126;
0 59 0 1 30 59 0.2 42 89 0.5 49 131;
0 56 0 0.2 48 56 0.5 30 104 0.2 44 134;
0 39 0 1 40 39 0 21 79 0.2 38 100;
0 69 0 1 74 69 0 23 143 0.8 60 166;
0 58 0 0.8 45 58 1 25 103 1 45 128;
0 25 0 1 54 25 1 38 79 1 59 117;
0 22 0 0.5 71 22 1 33 93 1 47 126;
0 57 0 0.8 68 57 0 55 125 0.5 75 180;
0 26 0 0.5 36 26 1 44 62 1 40 106;
0 45 0 1 76 45 0.5 30 121 0.5 31 151;
0 69 0 0 59 69 0.5 22 128 0.2 24 150;
0 79 0 1 70 79 0.2 65 149 0.2 46 214;
0 66 0 0.2 68 66 1 30 134 0.5 26 164;
0 35 0 0 74 35 0 41 109 1 24 150;
0 25 0 0 27 25 1 43 52 1 25 95;
0 37 0 1 68 37 1 28 105 0.2 26 133;
0 66 0 0.8 32 66 1 75 98 0 35 173;
0 58 0 0.5 57 58 0.2 68 115 1 25 183;
0 76 0 0.5 74 76 1 24 150 0 65 174;
0 48 0 0 44 48 1 44 92 1 47 136;
0 45 0 0 59 45 0.2 64 104 1 71 168;
0 44 0 1 65 44 1 29 109 0.8 78 138;
0 25 0 0.5 57 25 0.8 78 82 0.5 68 160;
0 49 0 1 63 49 0 64 112 0.8 59 176;
0 26 0 0 31 26 0.8 23 57 1 50 80;
0 41 0 0.8 57 41 0.5 38 98 0.5 39 136;
0 70 0 0.5 56 70 0.2 28 126 1 33 154;
0 23 0 0.2 75 23 0.2 74 98 1 33 172;
0 47 0 0.2 80 47 0.5 66 127 0.5 60 193;
0 67 0 1 33 67 0 40 100 0.8 32 140;
0 23 0 0.2 62 23 0.5 63 85 0.2 24 148;
0 75 0 0 39 75 0.2 42 114 1 61 156;
0 27 0 0.5 72 27 1 53 99 0.5 37 152;
0 65 0 0.5 64 65 1 22 129 0.2 69 151;
0 20 0 0.8 56 20 0.5 29 76 1 78 105;
0 60 0 1 37 60 0.2 65 97 1 46 162;
0 59 0 0.2 35 59 1 47 94 0 76 141;
0 34 0 0.2 28 34 0 37 62 0 44 99;
0 53 0 0.5 43 53 1 24 96 0.5 76 120;
0 49 0 0 54 49 1 34 103 1 77 137;
0 54 0 1 34 54 1 52 88 0 53 140;
0 75 0 0 56 75 0.2 46 131 1 46 177;
0 39 0 1 65 39 1 57 104 1 75 161;
0 24 0 0 38 24 0.8 66 62 1 73 128;
0 37 0 0.2 30 37 1 41 67 0.8 44 108;
0 38 0 1 45 38 0.8 70 83 0.2 45 153;
0 44 0 1 32 44 0.2 70 76 1 26 146;
0 35 0 0.5 32 35 0.5 36 67 1 67 103;
0 46 0 0.5 53 46 0.5 49 99 0.8 39 148;
0 20 0 1 38 20 0.8 60 58 0.5 73 118;
0 76 0 1 24 76 0 26 100 0.2 21 126;
0 79 0 1 65 79 0 67 144 0 64 211;
0 23 0 0.8 22 23 1 62 45 0.8 59 107;
0 35 0 0 28 35 1 20 63 0.5 22 83;
0 23 0 0 31 23 0.2 36 54 0 43 90;
0 52 0 1 24 52 1 54 76 1 68 130;
0 70 0 1 35 70 0.5 67 105 0 62 172;
0 57 0 0.2 43 57 1 48 100 1 76 148;
0 64 0 1 55 64 0.8 63 119 0.5 73 182;
0 34 0 0.8 52 34 0 76 86 1 56 162;
0 43 0 1 78 43 1 58 121 0.2 63 179;
0 44 0 0.2 63 44 1 38 107 0.8 27 145;
0 54 0 1 61 54 1 22 115 1 65 137;
0 32 0 1 59 32 0.2 40 91 0.8 52 131;
0 42 0 1 60 42 0 49 102 0.2 45 151;
0 73 0 1 80 73 1 64 153 0.8 72 217;
0 36 0 1 29 36 1 76 65 0.8 75 141;
0 55 0 0.2 74 55 0.8 28 129 1 54 157;
0 46 0 1 79 46 0.8 38 125 1 58 163;
0 73 0 0.5 43 73 1 50 116 0 62 166;
0 79 0 0.8 50 79 0.8 75 129 1 37 204;
0 55 0 1 45 55 1 79 100 1 34 179;
0 52 0 1 44 52 1 34 96 0.2 75 130;
0 38 0 1 27 38 0.2 41 65 1 37 106;
0 48 0 1 61 48 0 48 109 0.5 63 157;
0 69 0 0.2 79 69 1 67 148 1 75 215;
0 20 0 0.5 70 20 0 55 90 0.2 51 145;
0 32 0 1 50 32 1 61 82 0.2 61 143;
0 62 0 1 67 62 1 63 129 1 22 192;
0 60 0 1 55 60 0.2 61 115 0.2 50 176;
0 54 0 0.5 46 54 0.8 71 100 1 22 171;
0 61 0 0.8 63 61 0.2 67 124 0.5 35 191;
0 22 0 1 39 22 1 79 61 1 47 140;
0 23 0 1 46 23 0.8 28 69 0.2 32 97;
0 55 0 1 48 55 1 56 103 1 30 159;
0 21 0 0.5 57 21 1 57 78 0 44 135;
0 25 0 0.5 70 25 0.8 38 95 0.8 43 133;
0 60 0 0.2 61 60 1 59 121 1 40 180;
0 20 0 1 52 20 0.8 53 72 1 77 125;
0 51 0 0.2 35 51 1 32 86 1 22 118;
0 27 0 0.2 56 27 0 60 83 0.2 39 143;
0 78 0 0.2 32 78 0.5 46 110 0.8 44 156;
0 28 0 1 49 28 0.8 43 77 0.8 68 120;
0 47 0 0 34 47 0.8 30 81 0 73 111;
0 64 0 0 21 64 0.5 35 85 0 54 120;
0 53 0 0.5 42 53 1 57 95 0.5 28 152;
0 79 0 0.5 72 79 0.2 38 151 0.8 75 189;
0 65 0 1 42 65 0 50 107 0.8 56 157;
0 80 0 0.8 45 80 0.5 80 125 1 36 205;
0 68 0 1 35 68 0.5 56 103 0.5 31 159;
0 46 0 0.2 27 46 0.5 57 73 0.2 47 130;
0 71 0 0.2 79 71 0.2 24 150 0.5 30 174;
0 63 0 0.2 59 63 0.2 48 122 0.5 43 170;
0 57 0 0 62 57 0.8 63 119 0 39 182;
0 23 0 0.2 79 23 1 51 102 0.8 59 153;
0 49 0 0.8 52 49 0.8 63 101 1 49 164;
0 47 0 1 55 47 0 79 102 1 30 181;
0 78 0 1 77 78 0 70 155 0 27 225;
0 70 0 0 40 70 1 40 110 1 33 150;
0 47 0 0 65 47 0.2 55 112 1 51 167;
0 74 0 1 55 74 1 35 129 1 45 164;
0 64 0 0.5 21 64 1 62 85 0.2 63 147;
0 40 0 1 43 40 0.2 68 83 0.5 72 151;
0 27 0 0.8 41 27 1 54 68 1 31 122;
0 69 0 1 77 69 0 34 146 1 52 180;
0 44 0 1 64 44 0.2 56 108 1 66 164;
0 76 0 1 63 76 1 48 139 1 73 187;
0 39 0 0.5 39 39 1 59 78 0.2 28 137;
0 31 0 0 45 31 0.2 37 76 0.5 43 113;
0 48 0 1 32 48 1 27 80 1 43 107;
0 21 0 1 65 21 0.8 80 86 1 55 166;
0 63 0 0.8 47 63 1 36 110 0.2 22 146;
0 50 0 0.2 38 50 0.8 34 88 0 74 122;
0 25 0 1 37 25 0 73 62 1 50 135;
0 23 0 0 74 23 1 74 97 0.8 47 171;
0 64 0 1 24 64 0.8 52 88 1 28 140;